0 0.8120080558740598 0.77036803444005 0.1726245594158571 0.8463767858734098
0 0.6264377236440732 0.8094626173539834 0.1900428339543799 0.4538586713585567
1 0.2216120567682755 0.6530842856982493 0.2019257822387834 0.4123673849986815
0 0.7499229625943794 0.3542669923329354 0.4872276610592974 0.7938290353437538
0 0.9297541548579712 0.7170310517985234 0.1242442918991104 0.7716113787791992
0 0.6731439406067686 0.8535104278064862 0.0881518284618864 0.6591150831537503
1 0.4718212553634914 0.5817114193985339 0.1309976311198225 0.715302866781236
1 0.1195260231198032 0.8566080655722984 0.2097123651323583 0.2392021740909462
0 0.6056441562281404 0.6738324729557301 0.3196862735046417 0.8064073315329569
0 0.6032504445838651 0.6386885005257309 0.2379441656794537 0.7663215124980678
1 0.2413457578838817 0.0036615352090014 0.9849160286040451 0.5392049019340407
0 0.4262671923789744 0.5865860836604341 0.5522543929179141 0.8701260927284796
1 0.3434173715826896 0.5039090841805521 0.2852563030133327 0.9023354765087246
0 0.7552222940960128 0.7496984104592381 0.1437290537833588 0.7443385853405712
0 0.6447726896422417 0.8020290349377168 0.2344012467745062 0.4944135855678915
1 0.1155100671382933 0.7860844308822924 0.2324820580265793 0.089555358847759
1 0.3668425798123589 0.5231077043334444 0.2814920055140328 0.7435158505869409
1 0.506759207205648 0.4770464293331637 0.1872751708273203 0.8362666939450976
1 0.4283652950551313 0.2969045770392184 0.4243458035195038 0.8396758158524055
0 0.7414584521414302 0.3766388206415788 0.4551966765028971 0.8147537710612218
1 0.5610144120171054 0.6969038885375701 0.0210965106511297 0.2621296552915609
0 0.8048629708153949 0.4107801760169431 0.3169556503758589 0.8385003506187657
1 0.3790634871528604 0.2117494673466867 0.5329548310250501 0.66710606490448
0 0.794581546704743 0.9325488252440628 0.0586275042539901 0.382267111305091
0 0.7887991468893553 0.7928184260253623 0.1491903000409244 0.7899499091628249
0 0.6644415009843585 0.4877295385168028 0.4632421086867556 0.7114237406003073
0 0.5612263852771708 0.5290684123675851 0.3224901152346694 0.8212192843958281
0 0.5634398475506421 0.8552911954109869 0.1748771081482757 0.6408876446893441
0 0.6857253466888779 0.5674652785625284 0.3015280603958903 0.8148719539540086
0 0.7377381051280386 0.3876339382668468 0.347255230361643 0.758797807723433
1 0.2923779597458696 0.5270556960414897 0.2471701401339737 0.7834844867381362
1 0.129987696601259 0.763244964022047 0.2191967581795076 0.1535104858288551
1 0.1119988093950342 0.8559870415757707 0.2110781073944041 0.2339112168908043
0 0.6145845250200118 0.8011012400513382 0.1077098089473797 0.6832062112987259
0 0.8013733429966322 0.9045279232320662 0.0480754117216275 0.3446485874319175
1 0.2053175136476068 0.2092728535774021 0.7501685790595989 0.6316057421097138
1 0.4827357152644066 0.5008900096914091 0.207166080599651 0.8341503110650409
0 0.7486251671245917 0.3427331550962219 0.3992878139875503 0.7556241425025232
0 0.5258838096474339 0.8642698556017467 0.0689599409826178 0.2086382598179619
0 0.3447223770273096 0.9687028969455224 0.2401949916212548 0.071927925839039
1 0.404190249442918 0.4456921997253477 0.4011699627372004 0.8273320672504251
0 0.9121978661416754 0.9007344393014702 0.0210232920498847 0.3814489220473371
1 0.4455834359517989 0.5877495683768199 0.1255708406746074 0.6781516198841575
1 0.2930773273045886 0.6030768895441296 0.250454640446292 0.7406949158460404
0 0.6336621184258919 0.6950445576564003 0.3176921433648524 0.8341503110650409
0 0.8271994728454087 0.4274243673455642 0.301196423202016 0.8598950906098547
0 0.4801559862694618 0.4761934566150415 0.5745429965321902 0.8222774758358566
1 0.4185020494847442 0.2706607015233098 0.4351563146444956 0.7741975841130418
0 0.6916158961267479 0.7454410290854527 0.1777886242918991 0.6647514980404994
0 0.6265963430903807 0.533403608796357 0.432132817110733 0.8885808059867062
1 0.021975063640756 0.776791517584856 0.2569866010726516 0.0873280658683178
1 0.2541867230599485 0.6229721040834882 0.234438286772783 0.6673424306900534
0 0.8204941962515053 0.381285277290297 0.386629609925259 0.8453185944333814
1 0.2199177126827192 0.6134509831728701 0.2548460337303724 0.6718061076406886
1 0.3374691423461624 0.5114182369867576 0.3110507855342797 0.8804716413431899
0 0.5773478890018678 0.7254672512694249 0.3231189338100674 0.7658515082244469
1 0.2043585869949303 0.6922574318888519 0.20661263411377 0.3030391181792556
0 0.6885732867475788 0.5587185670933631 0.3968156094513968 0.7886571701355738
1 0.3303168473126654 0.6187895448779592 0.2008188892670213 0.5174592496612928
1 0.4003761727567084 0.4323775948841334 0.2969152885174575 0.858484168689817
0 0.5569241932948243 0.6023810433793457 0.4391790307364249 0.8272147934568136
0 0.7819785106981373 0.3706006716632927 0.4019452185150882 0.86389239968357
0 0.5352200060575903 0.5419191197656101 0.2603817906821462 0.7368148805659366
0 0.7016449711182745 0.74056262371514 0.2076829177849096 0.7142446753412077
1 0.328009655366376 0.6479776727147545 0.1686750619251728 0.5182774389190467
0 0.5107535332626614 0.8342362372636551 0.2900542748831499 0.4198856351782645
0 0.7265049643395424 0.6012175586629597 0.3187990363366145 0.8091109924802459
0 0.898527753859911 0.8949282390447787 0.051874165033278 0.4409312810860452
1 0.5247482386113695 0.3464480757501487 0.3190574549292437 0.9085628058594072
1 0.3964467364731843 0.1356515811215841 0.6418954957244707 0.6651060467188593
0 0.6917096257995659 0.3301143964197914 0.5022503952441466 0.739401267719614
0 0.7667582538274597 0.6280824581753959 0.2591637777155534 0.82850844158324
0 0.3169207140745227 0.894617727046515 0.1704452292846835 0.2798752711930676
0 0.726533804238871 0.4183671438781352 0.3276197242983609 0.8047618620256963
1 0.5318608787832897 0.6392272201371765 0.0336082775109311 0.4124855678914682
0 0.6398771167312088 0.7535704576665033 0.2262086021323798 0.7817211070678415
0 0.658111143081727 0.763244964022047 0.2486091009972645 0.5759961455577075
1 0.1706591646294413 0.3034851867373628 0.7002033441747259 0.7468076987006373
0 0.7574862261933093 0.3489246895194333 0.3803543451009111 0.7912426481900761
0 0.6045842899278138 0.349931047682481 0.5762054894781055 0.6194965410949562
0 0.6789191304473242 0.9071579224462764 0.0981870838089904 0.4861862380315884
0 0.7180981336852504 0.9205510905641596 0.0837587123871885 0.402485476963365
1 0.2636822599138956 0.0294377721733078 0.790025339996123 0.5299229993544105
0 0.7435781847420837 0.352950122171624 0.386629609925259 0.7500986377151586
1 0.1850070145454282 0.0278889532904017 0.9635491179701468 0.501350012275294
0 0.7813440329129078 0.8141053328942888 0.1180422456760075 0.6070327914018385
0 0.6897196727458913 0.5990514568919388 0.3450759002304693 0.8494331773007083
1 0.1014073563665996 0.8193728135395346 0.2334050430999203 0.3213756485446957
1 0.3853505852064989 0.2491381048243759 0.4771536429232989 0.7924190225228911
0 0.8085688978791222 0.8416660785715089 0.0975970280224869 0.7229438453494821
1 0.5162592142439911 0.6550970020243445 0.0366317750446938 0.3795670867545032
0 0.8209988944897563 0.6399268074103732 0.2637765495939863 0.8362666939450976
1 0.326978628965378 0.5068507177255498 0.2918588980550111 0.8869353364794457
1 0.0843918157627155 0.8586207818983936 0.2159492978654662 0.2279202533256953
1 0.558656750246991 0.5217915823938155 0.1508527929868395 0.8100519101266629
0 0.4257048143420663 0.5831816750047709 0.5255726732289401 0.8409685548796566
1 0.3748889117250431 0.191854252807328 0.558529657742262 0.7165956058084872
1 0.577559862261933 0.6591224346765353 0.0153768458009348 0.4015491048128244
0 0.6390912294745041 0.7681233693923598 0.2282014100303702 0.8131083015539612
0 0.4077231371106736 0.9831024232264536 0.2575400475585327 0.0909644625694462
1 0.3079515053833229 0.6379889132525342 0.1874965494216727 0.4912408294461569
1 0.5181648105921295 0.4746446377321354 0.2710088246063712 0.8215720148758375
1 0.4145149334025629 0.6153851362222963 0.1915558748142245 0.5924599316220663
0 0.647404330455978 0.8208430691457714 0.2267621778275572 0.5718870172854325
1 0.3710315751898405 0.6465822392767739 0.1509260115880845 0.4272947934568136
0 0.6459551255147148 0.7428858520394992 0.2379807749800762 0.5943417669149005
1 0.4476051128947349 0.5454802808637703 0.1570892950222931 0.75973872536985
0 0.771588936965003 0.7281009915920478 0.1538762905206022 0.7556241425025232
1 0.4390483147639342 0.5895303359813207 0.1280085893984104 0.6685151686261672
1 0.3638792801563435 0.1599575624796536 0.6447725560557434 0.7654987777444374
0 0.7612786729550224 0.7705999831616446 0.1987519712236414 0.7345812238922684
0 0.7134837497926718 0.8524255063667693 0.0657856992698214 0.4738406712312574
0 0.823976614095436 0.4004060823882027 0.3588022344756284 0.8930444829373415
0 0.8426576588855477 0.3891827571497528 0.3396491097852543 0.8274502501432116
1 0.2497093286891807 0.0316076150527414 0.7953401490511987 0.5437867617774625
0 0.8558735427528863 0.6301699966697475 0.2573186689641803 0.8506086425343481
1 0.5349698199309145 0.4845555821393692 0.2615993729510845 0.844965863953372
1 0.3625598547620592 0.6533162344198439 0.144280346780968 0.423412939978359
0 0.6993449891468172 0.9158298117471853 0.0852747681306136 0.4066036962273929
0 0.6596684976454723 0.7998629331666959 0.2072031205979279 0.6093873582658192
1 0.3710676250640012 0.2613715293342862 0.4550114765115127 0.7476304334542677
0 0.7945887566795751 0.5279071723162467 0.324962319770823 0.9738088536694036
0 0.7787123920991714 0.3124638469281226 0.3925344747668383 0.6633423943188121
1 0.2508917645616539 0.2017607078844664 0.761534690158744 0.6606423697682242
1 0.2137676041508917 0.624752871687989 0.2652529811532083 0.717771071042127
0 0.6530353207998904 0.745130517087189 0.2441070184160079 0.828978445856861
0 0.3101433377322978 0.9419951239864246 0.3371424494367501 0.2700024541495039
0 0.8672653029876901 0.827809013010436 0.1182662084562862 0.6606423697682242
0 0.6553929825700048 0.5913111035858213 0.3214952036530467 0.7696129969720942
0 0.6825024879389049 0.3442034107024588 0.483906982144011 0.7967681529774407
0 0.6963023797676481 0.8149583056124109 0.0673017550132466 0.6584059857970302
1 0.5387139598612524 0.4798331809898708 0.181552921791199 0.8064073315329569
1 0.1908326742098089 0.7009293211897608 0.199822254894781 0.2797661792920338
1 0.405639454384181 0.431060724722822 0.2931509910181575 0.8335630329978085
0 0.771538467141178 0.7877080719334548 0.1300371753505503 0.6732152113623757
0 0.8558230729290613 0.5454028399196249 0.298280600081849 0.8851716840793984
0 0.475344049066482 0.4641957219351387 0.5329548310250501 0.7405767329532539
0 0.6124287425451975 0.8442212556174626 0.1316221427186766 0.7178892539349137
0 0.8706395712091384 0.8222347614753392 0.1146871109483705 0.6832062112987259
0 0.5627469689692721 0.7331327824072863 0.2792782195705085 0.7184765320021458
0 0.7916470869480562 0.9114938670967307 0.0673362108255971 0.3850944097402183
0 0.4929666695512335 0.8603229862262253 0.0682234479936244 0.1580923456722769
0 0.8103786015619929 0.543235241705239 0.2636292509961875 0.845671324913391
0 0.7222727091130678 0.8505699165940124 0.1027653998750727 0.6828607536121188
1 0.3851559158860307 0.5149791736184129 0.1849868741895879 0.7289393544104676
0 0.6587384108921244 0.8261068086826046 0.228754972804618 0.4797225428953326
0 0.4510983457009136 0.8732522569009193 0.0646788062980593 0.0950826818334742
0 0.8072566824596702 0.3681240578940081 0.3510927464621879 0.7756083242132447
1 0.4723310005841248 0.5488091191294944 0.1576405880199022 0.7255302325031596
0 0.4908108870764193 0.8641164701568211 0.3195398363021517 0.3790943551833565
1 0.6012749114798549 0.6756918038368999 0.0190679246989898 0.5134592132900515
1 0.4336285766826039 0.2763883385033321 0.4657530760118035 0.8499031815743291
1 0.4815129035328732 0.623589386971603 0.0707344153186723 0.4990045364030661
0 0.8965594307307329 0.8892754242330129 0.0637571133176815 0.4713770124662428
1 0.1834136101075222 0.6436417280643001 0.252004290606759 0.6711061012757212
0 0.5704277551579661 0.8985645964220366 0.1635454528614814 0.4128310255780753
0 0.5167206526332491 0.8514977114803908 0.1874965494216727 0.5560141456850068
0 0.5352171220676575 0.5419209903198166 0.2603835134727637 0.7368157896651119
0 0.7938028694228703 0.8957774706544882 0.050620834859026 0.3585214408467224
0 0.8882030699002661 0.5205529013983319 0.2329988952118379 0.881171647708157
1 0.25014192717911 0.6629159186071312 0.2243634072414758 0.5844598588795838
0 0.7114216969906757 0.6223510800869607 0.2362463555258793 0.8292129934440838
1 0.5253257575954251 0.5368098880062265 0.144207128179723 0.8172228844212881
0 0.4957677447735254 0.8007159058848183 0.2797175311779784 0.447749524900661
0 0.8745329576185016 0.6380674765292034 0.1730681779998707 0.8789352637369632
0 0.8031686267298387 0.8965518800959413 0.0584078484502552 0.3969672449694026
0 0.6023852476040067 0.6854448734691128 0.3265515941154931 0.7977081615246824
0 0.8118350164780882 0.869301646416985 0.0154888271910741 0.3011572828864216
1 0.5614960383358933 0.3742407701489633 0.2972469257113317 0.9204356410885912
1 0.4077087171610093 0.3329015221873398 0.5067511857324403 0.8082882577266155
1 0.3978671015151187 0.2814201293185704 0.4582976996144485 0.8316821068041499
0 0.6968287079303954 0.7320478609675694 0.230600167695522 0.6339512179819417
1 0.3409443502152607 0.6525455660868036 0.1977557675490555 0.6638151258899587
0 0.8123108748170104 0.5577122089303155 0.2588683191246472 0.8645969515444138
0 0.881137294564755 0.8233196829150561 0.0877469726667671 0.634542132445875
1 0.255051920039807 0.0452327318922195 0.8807345729855471 0.7088373534466297
1 0.6044689303304993 0.6699604257484649 0.0252656639455489 0.540968554334088
0 0.8000106577533552 0.7278690428704532 0.1429537980054709 0.7796051787373723
0 0.5905464689296093 0.6499903890408499 0.3112704413380145 0.7377557982123534
1 0.6533092998435122 0.5826392142849124 0.1003664139401641 0.7962981487038198
0 0.4141039648371301 0.899496132416828 0.100586069743899 0.244138582612728
0 0.8355918835500364 0.8209178913140279 0.1218797617765524 0.644296766596652
0 0.3065744001903814 0.5817114193985339 0.5195945897861158 0.7409294634332632
0 0.7964200902869423 0.3808999431237768 0.3809831636763091 0.8015881968047865
1 0.2018423057785085 0.0266506464057594 0.9647636853555044 0.5225138410758612
1 0.4783758434834029 0.6312549181094643 0.1002544325500247 0.532741206797785
1 0.2483826933200643 0.0043573813737852 0.9860229215758072 0.5506050055920783
0 0.8373799573084107 0.7850780727192448 0.0865280983048657 0.6413603762604908
0 0.3695679502989132 0.9526797296134288 0.3374008680293794 0.4793679942169726
0 0.6960428206736906 0.8149583056124109 0.2176100680207638 0.6171419742309756
1 0.6802746057157693 0.685830207635633 0.0129046412647812 0.5136955790756249
0 0.5894289228306254 0.6636903280485843 0.3741178430654576 0.8538995815488694
0 0.632688771823551 0.5023606394084873 0.4082549391517867 0.6870898829755312
0 0.7883377085000973 0.434854208653418 0.3410531841385401 0.8776443429080625
0 0.711854295480605 0.7528708703933067 0.1960949973937579 0.7238838538967239
0 0.8487572975935502 0.5941730515216261 0.2155801899756607 0.9192629031524774
1 0.2389015764157814 0.0300587961698353 0.7868898610722209 0.5332139383689316
0 0.506133597689462 0.7837612025579332 0.2615623329528076 0.7083664400738336
0 0.7576015857906238 0.9152087877506576 0.0810280892584056 0.4036673058912318
1 0.4575476681882757 0.4492537349343491 0.2129232161457772 0.7659687820180582
0 0.794206628013471 0.554150673721314 0.2604924799793224 0.8682442574356457
1 0.3924668303658352 0.1568636658222542 0.632816389170095 0.7846600428816934
0 0.6982851228464906 0.7991670870019121 0.2154695006784845 0.625605687552852
0 0.7865712646662196 0.4166649395503036 0.3106459297391604 0.7868935177355265
1 0.4519844516077854 0.4451534801139021 0.3312375845951709 0.88011709266483
0 0.7219338402959565 0.7256991999910195 0.2396415451353738 0.6721606563190485
0 0.8059588869898824 0.7442812854774797 0.1231373989273483 0.7593859948898406
0 0.7406725648847255 0.8048947239819344 0.2114838245848321 0.5462595115342298
0 0.7407374546582149 0.8086096446358612 0.0755280802119456 0.6667515162261201
1 0.5196277144855735 0.3897252178696113 0.286987707583949 0.9005718241086772
1 0.5157876818899683 0.589219823983057 0.0827638008055657 0.7178892539349137
0 0.5774632485991822 0.8293578318933421 0.169153136321537 0.6439513089100449
1 0.3066176600393743 0.3016258558561929 0.4841654007366403 0.81898562772216
1 0.3678952361378534 0.1904588193693474 0.6220747896698041 0.8627160253507551
1 0.605298077436197 0.5550036464394361 0.1268284778254033 0.8135783058275821
1 0.1261159401163922 0.3228379405568631 0.6728195873091088 0.6755697782263563
0 0.7694764143391818 0.5457900446403514 0.2978757442867297 0.8477867986942724
1 0.3447656368763026 0.3379333130025782 0.5012167208736297 0.7873635220091474
0 0.5913828260101393 0.8495635584309646 0.1381558261356538 0.6747424979768496
0 0.6825673777123943 0.8720139500162771 0.0951635862752278 0.5249774998408758
1 0.4679228219717457 0.2189473599329459 0.5170104038598229 0.8448476810605854
0 0.498356846735752 0.448868400767829 0.5866111448079782 0.8092291753730326
0 0.7199583071919463 0.7925864773037676 0.1856880499709221 0.6968463353246587
0 0.781682901730019 0.9053023326735192 0.0485922489068861 0.3251393191303636
1 0.38876811327694 0.1974285043424248 0.6202314037090485 0.8897535439228202
1 0.2980377899891107 0.138592092334058 0.5902290051047882 0.5958690535293742
0 0.498731765427024 0.9015088487429233 0.0678918107997501 0.2209838266182928
1 0.4036206614311778 0.1996731693901147 0.6088652926099037 0.8653024125044326
1 0.2481880239995961 0.270739264799979 0.6810114566954574 0.7327002976986097
1 0.2199105027078871 0.7335966798504755 0.2513401548237017 0.3283120752520981
1 0.20321941097145 0.7499303591808327 0.2345855853705818 0.2730570273784518
1 0.529117483359655 0.6981421954222125 0.0060048648415792 0.2106382780035825
0 0.4227270947363867 0.945941993361946 0.2344748960734055 0.1572650654227702
1 0.2901428675479018 0.5818648048434594 0.259532885605359 0.7359921458123062
0 0.8544675976606162 0.5988943303386006 0.2164290950524479 0.9184356229029706
1 0.3409804000894216 0.4897422548428982 0.3131913528765589 0.736462150085927
0 0.741537761864584 0.5306942980837951 0.2881333633446055 0.8858716904443655
1 0.2977493909958245 0.1610424839193704 0.6484248721649041 0.7224738410758613
1 0.3754873396361119 0.2626098362189285 0.4456394955521571 0.7271757020104204
0 0.3132436269101241 0.9717219714346652 0.2569125210760979 0.0001
1 0.2560829464408051 0.0599390290630016 0.8466362396881125 0.7211801929494349
0 0.5724393381361371 0.9099450482138248 0.1667196945742779 0.4106037325986342
1 0.4710606030186992 0.5065409539489686 0.2286442404376763 0.8466113334606326
0 0.5315688748025875 0.3486927407978387 0.424677440713378 0.6873244305627539
0 0.5962423490470112 0.5488865600736398 0.4757151127576625 0.7666742429780772
1 0.3478947659534575 0.468453103308924 0.3569200857259784 0.8102873668130609
1 0.4448617174711002 0.5141276225214876 0.2190860688823314 0.8279202544168327
0 0.6393291586439651 0.2619139900541447 0.5890101307428867 0.7279984367640506
1 0.4909940204371561 0.6365972209229664 0.0956804234604863 0.5246320421542686
0 0.6710242080061152 0.3475329971898656 0.3852255355719732 0.7215329234294443
0 0.5994435778724877 0.8159646637754587 0.2193074474766838 0.5782325295289015
0 0.3641965190489583 0.9513628594521172 0.3420868585090572 0.3035118497504023
0 0.5908781277718884 0.5672333298409337 0.4548650393090228 0.7376376153195668
0 0.3581617701144452 0.920240578565896 0.3416432399250436 0.3374848859306945
1 0.4818597033222999 0.3489246895194333 0.3185061619316346 0.8629514820371532
1 0.1126693370544245 0.8214603520338862 0.23975223443255 0.319730179037435
0 0.8073504121324883 0.7875546864885294 0.1211045059986646 0.6672242477972666
1 0.387881286372585 0.6383779885274672 0.1299984125616559 0.5751779562999536
0 0.8904165321737375 0.7124631584264745 0.1032822370603312 0.729292084890477
1 0.4562866435901319 0.3490818160727716 0.323562552394081 0.8225129325222545
0 0.6829422964036663 0.8663611352045113 0.0878934098692571 0.645005863953372
0 0.5816277300622346 0.7735404943741183 0.1413645236608008 0.5306230057193777
0 0.6414561012194506 0.7452876436405274 0.2715988803928748 0.5917508342653464
1 0.0709235827762513 0.8631101119937736 0.2089745800504017 0.1981745283104649
0 0.7286895867136851 0.3907315760326589 0.4487405186637085 0.8523713858352201
0 0.7072543315376906 0.5401387262719507 0.4064847717922761 0.751392285841585
0 0.8398818185751684 0.3628603183571752 0.3465876489973507 0.8062900577393455
1 0.2274088765333275 0.2223555096970218 0.6507506394985677 0.8203965496421979
1 0.348615763436673 0.1746676007588485 0.6153602132379865 0.751392285841585
0 0.5257396101507907 0.801333188772933 0.2703455502186228 0.6977872529710758
1 0.3107273456937022 0.5323972506333092 0.3328225519632972 0.7970036096638389
1 0.556779272800698 0.6694965283052756 0.0309853287957438 0.4007218245633177
1 0.541985846440084 0.6410865510183463 0.0336814961121761 0.4096582694563409
0 0.3389039273377611 0.9999 0.3711288013440454 0.2369748811115051
0 0.766397755085852 0.3995531096700805 0.3487669791285243 0.7994718139247297
0 0.6418814897345477 0.6353589140383241 0.220894568333082 0.7533904858288551
0 0.629314503602103 0.8426724367345564 0.1733265965925 0.6512331933040545
1 0.210465435677765 0.6571882816271091 0.1996379162987055 0.3971945197632232
0 0.5354125123856089 0.7702146489951244 0.3058479578693432 0.7215329234294443
0 0.6471375613871883 0.7414155964332622 0.2389774093523165 0.5905780963292324
1 0.3433669017588646 0.4833169011438856 0.3448562444267344 0.7812509209743855
0 0.6728915914876431 0.6550221798560882 0.2549567230275486 0.7410467372268746
1 0.0282982115685553 0.7695150617219276 0.2573186689641803 0.0873280658683178
1 0.1438957380524846 0.2982962693687861 0.712047529670235 0.7417521981868936
0 0.5813104911696197 0.6025344288242712 0.4402514678958364 0.8526068425216181
0 0.6685439766638543 0.875728870670204 0.0937250561095914 0.5302684570410175
0 0.3675419473710778 0.9351825655666856 0.3099438925625175 0.4644405857588404
0 0.8777197664943138 0.8397319255220825 0.1032434742714368 0.6400694554315902
1 0.4794148008567163 0.5145921185420229 0.2249169829366532 0.7365803329787137
0 0.7289779857069713 0.3503201229574139 0.3924612561655933 0.7029591181792556
0 0.8239621941457717 0.3328229589106706 0.3727525315010662 0.7745503145930512
0 0.7610984235842186 0.6241318476914615 0.2733345919400349 0.8142837667876011
0 0.8032407264781601 0.5329393372423264 0.2995726930449954 0.8604832777762622
0 0.5724104982368086 0.8062864163115021 0.1094455204945398 0.6012781936223028
1 0.4482785245440581 0.6261445640175569 0.1723661408232278 0.6440604008110786
0 0.7627639277704462 0.7663426017878592 0.1925154691881879 0.8207492801222073
1 0.4012629996610634 0.5207077832866225 0.1777154056906541 0.7330530281786192
1 0.2834015410798375 0.2594373762848601 0.6903489818424623 0.6847425889049528
1 0.2269834880182304 0.6664774538161327 0.2147683248971504 0.5787052611000482
1 0.2910945842257462 0.0575409785703861 0.7426787468498933 0.5808234621784555
0 0.8207321254209665 0.3169531770235026 0.3948946979128524 0.7131864839011793
0 0.4174421831844175 0.9224104214453296 0.3109388041441402 0.384148946597925
1 0.4736114921143153 0.3526433512817731 0.3134842272815387 0.8455531420206043
0 0.6339793573185066 0.5087859931074998 0.4509887604195834 0.894689952444602
1 0.2823560947291751 0.2492952313777142 0.7183227944945829 0.7696129969720942
1 0.2641364883283214 0.4888907785681411 0.3368452680552264 0.842496750593306
1 0.0385796356792072 0.8434468461760095 0.2377593963857238 0.419303811706084
1 0.3980401409110904 0.2729839298476689 0.4757151127576625 0.8566032424961584
0 0.6563374892730169 0.478207669384502 0.4522463975703793 0.7505686419887794
0 0.3796330751646005 0.547338115301575 0.5348714355870506 0.7797227252607362
1 0.2659173521118634 0.5286815817576997 0.3417896771275336 0.7428103896269219
1 0.3829424536125594 0.1680869910607041 0.5602266065005277 0.6211420106022167
1 0.2583324585884372 0.6160061602188239 0.2347333146660348 0.6842698573338061
1 0.4223305461206181 0.4685316665855931 0.3252595011523466 0.8474340682142629
1 0.4567387090121079 0.3073534928362151 0.4021304185064725 0.8593078125426226
0 0.3913060244178583 0.5456351627520608 0.5793409684020076 0.8325048415577802
0 0.8715912878869826 0.6611351510026305 0.1661640946001249 0.8556632339489164
0 0.5416491406154224 0.4916775302248481 0.5458326908910763 0.8104046406066723
1 0.2620960654508217 0.6971358372591647 0.1946556058328127 0.3347757703883539
1 0.285290554485862 0.2670991663143084 0.6817479496844508 0.6961408743646399
0 0.751213548089335 0.3621644721923913 0.4158567527516316 0.8744715867863281
1 0.5615630911018324 0.6513820813704176 0.038074612186874 0.4007218245633177
1 0.3212394889989832 0.6599754073946574 0.213403013332759 0.6608787355537975
0 0.6986312016384341 0.3352247505116988 0.5014751394662588 0.7774891594969857
0 0.6707502289624935 0.5141276225214876 0.4317279613156137 0.7519795639088173
1 0.4924086174992247 0.4898196957870435 0.2319286976802292 0.8859898733371523
0 0.61076323835897 0.8290473198950784 0.1373461145454154 0.5983327122943889
1 0.5052288900475232 0.5724185061010975 0.1670900945570465 0.7080146186929994
0 0.7961893710923134 0.549196323850221 0.2781325638098521 0.9307811897033016
0 0.3809452905840526 0.9613478778059248 0.343008551489435 0.4750225001591242
0 0.39914326706041 0.5872856709336306 0.5355734727636936 0.8582496211025942
0 0.8472215729543013 0.8257177334076716 0.1174909526783983 0.6417149249388509
1 0.572371564372715 0.6939596362166834 0.0191799060891291 0.2689478991061766
0 0.7991526707483287 0.5346422897918406 0.2720424989768884 0.8777625258008492
0 0.7084944472088209 0.9261253420992565 0.0745719314192172 0.3768579712121624
1 0.4376625576011942 0.2753071581720281 0.4690737549270898 0.8710624648790201
1 0.3076198465410438 0.3022468798527205 0.482653651969759 0.8114628320467006
0 0.5489737540474078 0.5144388079192657 0.281268042733754 0.7261156923720414
0 0.571910125983457 0.7153251063622791 0.3158487574040968 0.7596205424770633
0 0.8108472499260829 0.523881739664056 0.2691645772503069 0.8656551429844422
1 0.376475106188117 0.257888557401954 0.46328087147565 0.7824264771179429
0 0.8081579293136895 0.3863170681055353 0.384674242574364 0.8761170562935886
1 0.3457389834786433 0.6310229693878696 0.1245371663040903 0.5343866763050455
0 0.5617938102964614 0.7875546864885294 0.2773185452430697 0.7282338934504486
1 0.1849781746460997 0.7911162216975308 0.2143255677084455 0.1612651017940114
1 0.481147357808883 0.3075854415578097 0.4334249100738794 0.9178537994307902
0 0.8365868600768738 0.4247906270229413 0.3415312585349042 0.9241993116742592
1 0.3612115894684464 0.4626469030522325 0.2776544894134878 0.8104046406066723
1 0.5556826356287274 0.5136631639120364 0.2196765553664893 0.798531805377488
1 0.6114986557918496 0.5403710491043866 0.1404815934693174 0.8705897333078734
0 0.8677772112007731 0.809616002798909 0.1264925336549852 0.7117755619811416
1 0.2374379515248541 0.0118657859583081 0.9855060843905488 0.5247502250470553
1 0.4648715606227779 0.6081872436360372 0.104277148641954 0.6955535962974075
1 0.5537287324492136 0.7099865446571899 0.0031234975337626 0.2207474608327195
0 0.9046706524169064 0.9032110530707548 0.0377042122041053 0.4116582876419615
0 0.7160577108077509 0.5320878609675693 0.4254914592801602 0.7550359553361157
0 0.8696662246067977 0.8370196219227906 0.1012536511081913 0.6607605526610109
0 0.7417973209585416 0.7634020905753853 0.2004497813772158 0.8562505120161488
0 0.7798731980471482 0.7849995094425756 0.155353583475133 0.6910862829500714
0 0.7094317439370011 0.5947155122414844 0.3069548508411053 0.8120501101139328
1 0.4136281064982079 0.5248106568829585 0.2606031692764985 0.9386539885612446
0 0.8355053638520507 0.8231625563617178 0.1236886919249574 0.6328966629386144
1 0.4643906553014733 0.5798520885173641 0.1351667844142417 0.7071909748401939
1 0.2635308504424204 0.2080345466927598 0.6727463687078639 0.8664778777380725
0 0.6671091916722556 0.7942886816315993 0.1705572106748228 0.4770225183447448
1 0.3209582999805291 0.4758866857251906 0.3955235164882504 0.8479049815870592
0 0.7672629520657105 0.7821338203983582 0.1716296478342344 0.7965326962910425
0 0.887222513323093 0.664389915321781 0.1607028483425593 0.8690624466933994
0 0.7777750953709914 0.5450930761430437 0.2690538879531307 0.8688260809078262
1 0.3404829118260029 0.633810095155418 0.1846927076916449 0.5303866399338043
0 0.839593419581882 0.7258563265443578 0.1363124401748982 0.7947699529901706
0 0.6929713713951928 0.6468141879983685 0.2542185072479376 0.7402240024732444
1 0.4784140563500134 0.5356486479548881 0.2050625532556486 0.8370894286987278
1 0.3802387130505015 0.6437951135092256 0.1754671639347793 0.5609505542067886
1 0.4524653569290901 0.6448014716722733 0.0795895590927693 0.4656133236949543
1 0.6684646669407005 0.6685687334188972 0.0208768548473948 0.5852871391290905
0 0.9174323078698194 0.8069860035846989 0.1121373808344282 0.6930844829373415
1 0.3183122392171285 0.5221013461703967 0.305107157903806 0.8656551429844422
1 0.6327897114712012 0.6633049938820642 0.0235687151872832 0.5497868163343245
1 0.4430815746850413 0.3475329971898656 0.3225633338359144 0.823335667275885
1 0.5085302149535945 0.6485949556028693 0.0379626307967346 0.3762761477399819
1 0.2476616958368488 0.6397696808570349 0.2053946211471772 0.4523313847440827
1 0.3040292790746308 0.1771442145281331 0.618388017748293 0.6879126177291616
1 0.3947740223121245 0.2443382627307322 0.5100374088353761 0.7656160515380489
0 0.6809595533248238 0.576058604586768 0.3583241600792642 0.8423794767996945
0 0.6924450432324456 0.8621037538307259 0.0730946384646865 0.6539423088463951
0 0.7570536277033799 0.8716248747413442 0.0550096439571801 0.4504495494512488
0 0.7803562663609026 0.3915022443656991 0.3418672027053223 0.7832493936914081
0 0.5203400599989904 0.8097731293522473 0.239346517242122 0.4328221164425289
1 0.4062162523707534 0.4358605668164657 0.2232931235703362 0.75973872536985
0 0.7689500861764345 0.8395747989687443 0.1068613345682469 0.7365803329787137
0 0.7853888287937463 0.88176701964849 0.0489971047020053 0.3719215626903807
0 0.7099508621249162 0.8552911954109869 0.0827638008055657 0.6842698573338061
1 0.3321626008696968 0.6501437744857753 0.1667584573631723 0.5140501277539848
0 0.4073914782683945 0.5739673249840035 0.5524395929092986 0.8484922596542912
0 0.7771406175857618 0.874180051787298 0.0596611786245073 0.4727861161879301
1 0.2655496433954236 0.5031346747390991 0.3196130549033967 0.8319166543913726
0 0.7103185708413561 0.9382802033324976 0.0839439123785728 0.3754488674904752
0 0.6630355558920884 0.2846711525293081 0.5759083080965818 0.7459840548478317
0 0.5230351485912497 0.8683738515306065 0.2236991422491223 0.6082146203297053
1 0.3467627999048093 0.2523143058668572 0.5505186813707541 0.832974845831401
1 0.5963649186191579 0.6661669418178688 0.0277766312705968 0.4215311046855252
0 0.6234239541642328 0.3363059308430029 0.594695339780731 0.5844598588795838
1 0.1778330895874348 0.6444909596740094 0.25650680388567 0.6910862829500714
0 0.6701806409507531 0.3229913260017886 0.4126092924375902 0.6636969429971721
0 0.4990403523498403 0.8448385385055773 0.2685004414672496 0.3929672085981613
0 0.7346017660760517 0.7332861678522117 0.2056164304391841 0.6413603762604908
0 0.5066726154079138 0.8800648153206584 0.2344012467745062 0.6305420960746337
0 0.798604712661085 0.5240366215523466 0.2661384955306179 0.8846989525082517
1 0.0607935681370745 0.8401172596886027 0.2281645035483662 0.4405767324076852
0 0.6224866574360527 0.6012175586629597 0.367330048032395 0.7939472182365402
1 0.3912050847702082 0.5562419533240786 0.2124804589570724 0.7227083886630842
1 0.3782271300723305 0.2621459387757393 0.5152746923126629 0.8589550820626131
1 0.2092757898304595 0.6448800349489424 0.207166080599651 0.423767488656719
0 0.7532611809416669 0.8418194640164344 0.0989278837745277 0.7251775020231502
0 0.6391705391976578 0.2731373152925944 0.5745429965321902 0.7391658110332161
1 0.5839132920840273 0.5597249252564108 0.1140195295840782 0.7872462482155359
0 0.8140989485753846 0.803267341822359 0.1084850647252676 0.6793334488120243
0 0.8559168026018793 0.8056691334233874 0.1222889245482155 0.6661606017621866
1 0.2334724653671692 0.6061745273099417 0.2570972903698278 0.6783879856697309
0 0.880812845697308 0.6635369426036588 0.1423637422189674 0.8142837667876011
1 0.4370367317857632 0.6199530295943453 0.1746186895556465 0.6347784982314484
0 0.5113791427788474 0.7452090803638581 0.3045558649061968 0.7116582881875301
0 0.8635882158232914 0.6055535033134142 0.2201933925517479 0.9248993180392264
0 0.7078671793984236 0.7719168533229559 0.1818113403838283 0.7840722193549561
1 0.4723021606847961 0.6298632257798966 0.1487122256445603 0.5195774507397002
0 0.7115947363866474 0.8670569813692951 0.0854944239343485 0.6816789246842521
1 0.4152143009612818 0.6377569645309396 0.1516625045770779 0.4807770979386599
1 0.544469682769761 0.5332487269080664 0.1424757236091068 0.8296839068168799
0 0.623337434466247 0.7445132341990742 0.2505653297434682 0.8207492801222073
0 0.330439416884812 0.9916171859740242 0.2672824285006569 0.0825007492475699
1 0.2632424514491343 0.6409331655734208 0.1967591331768152 0.4569132445875046
0 0.7479185895910405 0.5495057135159609 0.2958471583345898 0.8129910277603498
0 0.645580206823443 0.8472403301066057 0.1270481336291382 0.7084846229666203
0 0.5599271478124167 0.5133534749576235 0.471989578047257 0.6544059494257889
1 0.2423839942597119 0.6359761969264388 0.1979034968445085 0.4680860734517217
0 0.6952136735679929 0.6469713145517069 0.2606031692764985 0.8509613730143575
1 0.4093453814479083 0.5222562280586873 0.2667660220130528 0.920908372659738
0 0.6034667438288298 0.5539972882763886 0.4713995222607534 0.739636724406012
1 0.3456019939568324 0.6393057834138456 0.1897107660628514 0.5138137619684116
0 0.7722017848257361 0.6763090867250147 0.2518569920089603 0.8079355272466062
1 0.5254216502606928 0.5704843530516713 0.1666464759730329 0.7240020367895105
0 0.5961341994245289 0.8437573581742733 0.1324361612854589 0.7039000358256725
0 0.7965714997584176 0.5325521325215998 0.2864364145863398 0.9243174945670458
0 0.8369329388688173 0.3796578951307218 0.3513124022659228 0.8024109315584166
0 0.5352171220676575 0.5419209903198166 0.2603835134727637 0.7368157896651119
0 0.5678869600271149 0.7974611415656677 0.255768588106059 0.6930844829373415
0 0.5997319768657738 0.8452276137805103 0.1617752855019708 0.613969218109241
1 0.4531870754097887 0.6101999599621324 0.0965633536519697 0.6624060221682715
1 0.5004549494119089 0.5834136237263654 0.1322897240829689 0.7256475062967711
0 0.7588849613107472 0.3596092951464376 0.3785497219290498 0.7700831830655501
1 0.4467579408519568 0.6325717882707756 0.0980794093953949 0.5100500913827436
0 0.4929666695512335 0.8603229862262253 0.0682234479936244 0.1580923456722769
0 0.7039882129387245 0.8551378099660615 0.0851627867404743 0.6892053567564127
0 0.7353588134334278 0.6235145648033467 0.253480722165981 0.8497849986815423
0 0.6040795916895628 0.7442812854774797 0.2477972359187542 0.8225129325222545
0 0.6424006079224629 0.8062864163115021 0.2174993787235876 0.5078137074115496
0 0.745791647015555 0.7802782306256011 0.1706691920649622 0.7974736139374595
0 0.6922720038364739 0.6134509831728701 0.3075061438387145 0.8138137625139803
1 0.4518207851790955 0.520243511732592 0.2264300237964977 0.7450440463005902
0 0.6904695101284353 0.6243637964130561 0.1923677398927348 0.7660860558116697
1 0.1387550259971587 0.7640979367401692 0.2256181587179873 0.1844289487801994
1 0.2087710915922087 0.7818270495085071 0.2241788963663386 0.1938290342526163
1 0.5265384753621934 0.7027849109625178 0.0107253111336076 0.1966472416959909
0 0.8704737417879987 0.3294185502550075 0.3786229405302949 0.7556241425025232
1 0.4574510545255248 0.3890256305964145 0.4052658974303745 0.9139719459523356
0 0.7803057965370775 0.6117450377366257 0.2841838658539212 0.8286257153768515
1 0.4486736311648602 0.5397515215512242 0.2067233234109462 0.729292084890477
0 0.6019165992399166 0.5095600284381115 0.5073412415189438 0.7087191705538429
0 0.6586807310934673 0.2605971198928332 0.5922963538458225 0.7224738410758613
0 0.6447798996170738 0.5518281936186374 0.4098054507075624 0.8511959206015802
1 0.5440457362496304 0.5398289624953695 0.1769789127016606 0.8135783058275821
1 0.5325926912287533 0.5200111889001561 0.2153958513795851 0.7905380963292324
1 0.1256184518529736 0.7918906311389838 0.2290502160466969 0.1046009501986778
0 0.6482551074861721 0.336773569394605 0.5950269769746052 0.6075055229729853
0 0.701904530212232 0.9200086298443012 0.0856408611368385 0.3873217027196595
0 0.8275095017631915 0.8852499915808223 0.0262261197148211 0.4364585131436572
1 0.5787048062652792 0.6434097793427054 0.0568185741055851 0.6216147421733635
1 0.351564643143024 0.5200111889001561 0.1826985775518556 0.6988445353119289
0 0.6056153163288117 0.6355908627599187 0.4149738225601482 0.8487277163406893
1 0.3307494458025946 0.3448992568672427 0.505717511361923 0.7720816557825727
1 0.3677942964902033 0.5294556170883116 0.1722197036207379 0.7022536572192367
0 0.5776175420605903 0.784378485446048 0.2828917728907748 0.5538959446065995
0 0.8890105870814675 0.6372145038110811 0.1686750619251728 0.8832898487865645
0 0.4922161111712062 0.8158861004987894 0.3089489809808947 0.4240038544422924
0 0.5491756333427082 0.8593166280631774 0.1886034423934348 0.6070327914018385
0 0.5352171220676575 0.5419209903198166 0.2603835134727637 0.7368157896651119
0 0.686857312737526 0.762859629855527 0.19362236215995 0.6946126786509905
0 0.6695461631655237 0.3603837045878906 0.4531680905507571 0.7406949158460404
0 0.9999 0.7106038275453045 0.1182662084562862 0.8268620629768043
1 0.3371374835038833 0.4990318011427631 0.3006451302044069 0.738108528692363
1 0.4448617174711002 0.5772183481947412 0.1331726542744523 0.706250966292952
0 0.3755450194347691 0.9281380584253518 0.3650042806987313 0.3327757522027333
1 0.3476712567336606 0.5064635130048233 0.2518936013095828 0.7823089305945788
0 0.6322561733336218 0.3481502800779803 0.5818863915394059 0.6129146630659138
1 0.5451813072856947 0.5250429797153944 0.1915558748142245 0.8645969515444138
0 0.6210374524947897 0.8113967704034096 0.2402690716178086 0.5776416150649681
1 0.551129536522222 0.5527571108375399 0.1324749240743533 0.7860706920719787
0 0.545289456908177 0.3932830119701998 0.3608351274043122 0.6876789792411141
1 0.4778076974666291 0.5275203417063615 0.2132923240355827 0.7444558591341826
0 0.7051345989370371 0.3270953219306484 0.5146501807138087 0.7245893148567427
0 0.5554324495020516 0.9039854625122078 0.1673485131496758 0.4212947388999518
1 0.3955599095688293 0.1457151627520607 0.5770152010683439 0.6789789001336642
1 0.4876348931628554 0.6303271232230858 0.0819497822387834 0.5121682924611509
1 0.0374909294795519 0.8745653859538179 0.2168348122428759 0.1441013093646853
1 0.5730168571201927 0.6414718851848664 0.0340131333060503 0.4411676468716186
1 0.4698767251512594 0.5060766823949381 0.2081256749736145 0.8153419582276293
1 0.4883176777794605 0.6376035790860141 0.0746063872315678 0.496413603753512
1 0.5569912460607633 0.696825325260901 0.003235478923902 0.2222747474471934
1 0.5666547753282998 0.696436249985968 0.0011681301828677 0.224274765632814
0 0.5911665267651746 0.7548087645511457 0.2945550653714433 0.8404985506060357
0 0.7832546762434287 0.9241911890498304 0.0550096439571801 0.320084727715795
0 0.6166970476458329 0.51683712028947 0.4962335490124281 0.7496286334415379
1 0.3598200643258407 0.6589690492316098 0.1935116728627738 0.6668696991189067
1 0.3248949462388854 0.2550228683577365 0.6070175996726043 0.9162083299235294
1 0.4953632651854416 0.4711616657998032 0.2872848889654727 0.8439076725133438
0 0.545289456908177 0.3932830119701998 0.3608351274043122 0.6876789792411141
1 0.2928249781854632 0.6724407806261622 0.2023685394274882 0.4168310619493166
1 0.4490874837202258 0.3006980609698145 0.4169291899110431 0.8064073315329569
0 0.3992874665570531 0.5179983229297243 0.5235785430891506 0.7311721019849604
1 0.4111190352566182 0.4376413344209663 0.3487669791285243 0.8323875677641689
0 0.4576724007528719 0.8377192091959873 0.3071012880435953 0.3836762150267783
0 0.8030676870821886 0.4043529517637242 0.3297990544295345 0.8457885987070023
1 0.1512138625071212 0.6489840308778022 0.2634078724018351 0.641242193367704
0 0.6531362604475405 0.5844985451660822 0.3629024761453465 0.8161646929812597
1 0.3637567105841968 0.2681840877540253 0.4355999332285092 0.7390485372396046
1 0.4075645176643662 0.4638103877686185 0.3270684313007517 0.775255593733235
0 0.6472745509089991 0.5153662555260324 0.43519507743339 0.7463367853278413
0 0.4991845518464833 0.7725341362110707 0.2673931177978331 0.7163610582212645
1 0.1577605196547173 0.2945027854381901 0.7007546371723351 0.7024891139056348
0 0.5317065853218815 0.6864512316321606 0.3163655945893553 0.7599732729570728
1 0.4905030211510863 0.4486364520462344 0.3197250362935361 0.8901080926011802
0 0.924736012374792 0.7240755589398572 0.1240203291188317 0.7720816557825727
0 0.7437295942135589 0.5820967535650541 0.3189110177267538 0.832974845831401
0 0.6507209188787689 0.8618718051091313 0.076122442974993 0.6070327914018385
0 0.7053220582826731 0.7922759653055039 0.2308585001486204 0.5471958836847705
0 0.529435443249753 0.7822123836750272 0.2142148784112693 0.6696879065622812
0 0.7769171083659651 0.3700619520518471 0.3723864384948414 0.7766662792874873
1 0.3944063135956847 0.5551570318843617 0.1970916317659982 0.7009609181919856
1 0.4689718733098241 0.3220635311154101 0.3759267732138626 0.7819562910244869
0 0.5761351712350995 0.4940000103275248 0.5374556215133435 0.7157728710548569
0 0.6348733941976938 0.6787857004942993 0.319871473496026 0.8457885987070023
0 0.7036637640712775 0.3582176028168698 0.408293701940681 0.792653570110114
1 0.1656338121714297 0.6321078908275864 0.2740710849290284 0.6593423579475708
1 0.3952066208020537 0.432609543605728 0.4112095250608483 0.8026454791456394
0 0.7826562483323598 0.8949282390447787 0.0534978951902987 0.362403294325177
0 0.8714254584658432 0.4955484550995895 0.2494950460723286 0.8777625258008492
1 0.5224093227758186 0.5871285443802924 0.0863816611023757 0.7210629191558234
0 0.8048485508657307 0.9241126257731612 0.0601047972085209 0.3971945197632232
0 0.7912577483071198 0.584730493887677 0.2267621778275572 0.8891626294588868
0 0.5489737540474078 0.5144372740648164 0.281268042733754 0.726117510570392
1 0.550965870093532 0.6463502905551793 0.0563749555215715 0.6150237731525682
1 0.5096370686599023 0.6425568066245833 0.0368557378249725 0.3894399037980667
1 0.3314920732103065 0.5762905533083627 0.1896366860662976 0.6426512970893914
0 0.5489737540474078 0.5144388079192657 0.281268042733754 0.7261156923720414
1 0.2487576120113363 0.5239591806082015 0.2584626019342193 0.7469249724942488
1 0.2641869581521464 0.0001 0.9999 0.5924599316220663
0 0.7626341482234675 0.8655867257630582 0.0713589269175264 0.6639333087827455
0 0.5748647736696738 0.3733129752625848 0.4277397010360351 0.7503340944015566
0 0.8973236880629413 0.6314868668310588 0.1780858056734227 0.9194992689380506
1 0.5736715228349523 0.6402335783002241 0.0530930393951795 0.6250238640806715
0 0.5320339181792615 0.7711424438815029 0.2577984661511621 0.7265875148440127
1 0.3588827675976606 0.5546931344411724 0.2078306470803627 0.6774516135191904
0 0.5753074661243681 0.8477827908264639 0.155280364873888 0.6263147849095719
0 0.7916326669983919 0.8955455219328935 0.063093838929933 0.4120128363203215
1 0.620532754256539 0.5488865600736398 0.1429150352165765 0.8367366982187183
1 0.3813057893256604 0.5123471167945758 0.1951354030197945 0.7435158505869409
0 0.5315717587925203 0.3486927407978387 0.424677440713378 0.6873244305627539
0 0.6636844536269823 0.2579633795702103 0.5788628940056432 0.7698480900188222
0 0.6227606364796746 0.6914044591707298 0.2870264703728434 0.7846600428816934
1 0.1986194470285355 0.2211920249806359 0.7376611191763414 0.6046873155296107
1 0.4349263721523916 0.6275399974555375 0.1775345126758136 0.6300784554952398
1 0.4284878646272779 0.2441063140091376 0.4867883494518276 0.8107573710866817
1 0.451705425581781 0.6426353699012525 0.0776341917418743 0.4538586713585567
0 0.8101262524428676 0.3931296265252744 0.3390590539987507 0.7970036096638389
1 0.5526220013124779 0.6529309002533238 0.0521713464148017 0.5889326268219719
1 0.402366125810383 0.4566087540739465 0.3326761147608073 0.8225129325222545
0 0.7317754559418471 0.872320720906128 0.0445695328149568 0.4133037571492221
1 0.4886161707375116 0.4912132586708176 0.2096757558317358 0.8582496211025942
1 0.5214374181684442 0.5416097300998702 0.2057271197363603 0.777724270725697
0 0.6700869112779353 0.6491374163227277 0.2429630854459689 0.8029982096256489
0 0.5184921434495092 0.8126350772880517 0.2740366291166778 0.4734952135446502
1 0.2896237493599867 0.5130438234142947 0.2573186689641803 0.7721992023059366
0 0.7911423887098052 0.5681611247273123 0.3056239950890645 0.8588368991698263
0 0.5215909906323691 0.8569185775705621 0.0673362108255971 0.2479022531983959
0 0.7577529952620989 0.5569377994888625 0.3028201533590367 0.8989263546014168
0 0.7637805342217798 0.8377192091959873 0.0865280983048657 0.6680424370550205
1 0.2666022997209181 0.4964773723184918 0.3411651655286795 0.8260393282231739
1 0.4432740810130599 0.5912325403091522 0.1259024778684817 0.6613423761331916
1 0.3156950183530566 0.0360183818714522 0.7734176384431475 0.6037418523873174
0 0.6805269548348947 0.8710824140214857 0.0908824515906692 0.5037045791392746
0 0.7210398034167694 0.3435075645376749 0.4821755775733948 0.8292129934440838
1 0.315435459259099 0.1243496926064651 0.6203046223102935 0.6197329068805295
0 0.652083604122046 0.585115828054197 0.3418672027053223 0.8202792758485864
0 0.4993381243104082 0.4562982420756827 0.5736213035518125 0.7746678611164152
0 0.819585739422654 0.3326695734657451 0.3757415732224783 0.7247065886503541
0 0.7563254202453324 0.6257592298510367 0.2720080431645378 0.8268620629768043
0 0.6262646842481016 0.6281572803436521 0.2376120977879251 0.7638523991380015
0 0.7747613258911508 0.7770272074148634 0.1480446442802679 0.7654987777444374
1 0.3848026271192551 0.6391523979689202 0.1294471195640467 0.5774143402711476
0 0.3812336895773388 0.9622756726923034 0.3610547832080471 0.3319575629449793
0 0.6612186422343855 0.7096760326589261 0.1503704116139315 0.6702788210262146
0 0.8857660984069979 0.909634536215561 0.0504356348676416 0.3881489829691662
0 0.4816765699615631 0.8254857846860769 0.1450211467465052 0.4741952199096174
0 0.5819810188290101 0.8807606614854423 0.1688214991276627 0.6149146812515344
0 0.7436286545659088 0.7747039790905043 0.1827373403407499 0.798531805377488
0 0.382783834166252 0.5908434650342193 0.5620699924612833 0.8622460210771343
1 0.2298746879259242 0.6471246999966322 0.2112258366898572 0.4262311474217336
1 0.4621959389625655 0.3235337867216469 0.4242725849182588 0.9117355619811414
1 0.3322779604670113 0.1693252979453464 0.6150630318564629 0.731760289151368
1 0.2490315910549581 0.2695009579153367 0.6810846752967024 0.7623242034243524
1 0.5077409750585927 0.5205529013983319 0.2193074474766838 0.7779593819544087
0 0.6208355731994893 0.8119392311232679 0.2253229154759084 0.5799961819289488
1 0.4386733960726622 0.2642334772700909 0.4425040166282551 0.8071127924929757
1 0.6334674491054237 0.6531628489749183 0.0549364253559351 0.6207874619238568
0 0.8011354138271712 0.4055164364801101 0.3224901152346694 0.8227474801094774
0 0.8213449732816995 0.9309251841929004 0.0518009464320331 0.390494458841394
1 0.5467213579098429 0.6610603288343743 0.0203212548732418 0.3825034770906643
0 0.7585172525943074 0.5096374693822568 0.336737593641631 0.9999
0 0.3313839235878242 0.9876703165985026 0.2594588056088052 0.0807370968475226
1 0.3767058253827459 0.1772975999730586 0.61609670622698 0.7660860558116697
1 0.5483767681313054 0.5528338035600026 0.1298907381480604 0.7766662792874873
1 0.6028827358674254 0.5865112614921776 0.0851627867404743 0.7831317562581266
1 0.4041758294932537 0.4617939303341103 0.3188377991255088 0.8154592320212407
0 0.853378891460961 0.5792310645208365 0.2255443371400262 0.9129082999172552
0 0.5033616507654919 0.7472217966899535 0.2751047592995456 0.6743970402902425
0 0.791776866495035 0.5501252410691234 0.2615993729510845 0.8387348982059886
0 0.8450081106808298 0.3885617331532253 0.3780673405561419 0.9114991961955682
1 0.239305335006382 0.5865860836604341 0.2262455129213604 0.5490777189776044
1 0.4871438938767857 0.6342739925986073 0.0737234570400844 0.4872498840666684
1 0.6152334227549056 0.6436417280643001 0.0541611695780472 0.6475877056111732
0 0.5489737540474078 0.5144388079192657 0.281268042733754 0.7261156923720414
1 0.6289540048604951 0.6727475515160133 0.0322429659465397 0.559659633377888
1 0.1094825281786123 0.7520216387835973 0.2664339541215241 0.1750197723160296
0 0.7613075128543512 0.8965518800959413 0.0436090770456846 0.3246665875592169
0 0.5748647736696738 0.3733129752625848 0.4277397010360351 0.7503340944015566
1 0.3546865622453468 0.2573460966820956 0.4689273177245999 0.7343466763050456
0 0.8061319263858541 0.5337908135170835 0.2748463407069162 0.943363122289206
0 0.9220899516113912 0.8962413680976774 0.0216521106252827 0.3829762086618111
0 0.6467338027965877 0.805515747978462 0.2205254604432765 0.4974772497885921
1 0.4165048864562375 0.6208022612040547 0.1232838361298382 0.6057418705729378
1 0.5232853347179254 0.4893550501221716 0.26554800904646 0.8041736748592888
0 0.5753269330564149 0.8386470040823658 0.1573477136149223 0.6586423515826035
0 0.6151469030569198 0.6510715693721539 0.3702458711525621 0.8216901977686243
1 0.3651482357268026 0.6362081456480335 0.1693038805005708 0.542495840948562
0 0.7878113803373502 0.7548835867194019 0.1230254175372089 0.6877944348363748
1 0.184386956709863 0.018214446934858 0.9732527361233766 0.4845407685243277
0 0.5355761788142988 0.7622386058589994 0.213403013332759 0.7258829629831692
0 0.6806495244070413 0.5241915034406373 0.4365603889977815 0.9078537085026868
1 0.4614547535498201 0.6079515538060297 0.1009220139143171 0.6837971257626594
0 0.784819240782006 0.8902817823960606 0.0438674956383139 0.3303120934377188
0 0.6996622280394321 0.6338886584320872 0.3122696598961811 0.7941817658237631
1 0.0446143846137204 0.871935386739608 0.228754972804618 0.1543286750866089
1 0.568791090871067 0.6456544443903955 0.0713976897064208 0.6502968211535138
0 0.6194296281072194 0.8588527306199882 0.1574553880285178 0.6192601753093828
0 0.7791810404632615 0.6194105688744868 0.2562483852930406 0.8082882577266155
0 0.8600481181807036 0.5752056318686458 0.2277585619644603 0.9263175127526664
1 0.5965812178641225 0.660981765557705 0.0198431804768776 0.412949208470862
0 0.6907290692223929 0.6125980104547479 0.3179505619574816 0.7954754139501896
0 0.8087491472499261 0.6400801928552987 0.1664225131927542 0.8321521110777708
0 0.4877899076217467 0.8216923007554808 0.0927990561526698 0.5474322494703439
1 0.347966865701779 0.5702524043300766 0.1964641052835634 0.6706333697045745
1 0.5845261399447605 0.6536267464181076 0.0486267047192366 0.6010418278367294
0 0.5452872939157273 0.3932830119701998 0.3608351274043122 0.6876771610427634
0 0.5073367333996783 0.8630315487171045 0.2100078237232645 0.5986872609727488
1 0.1795562735723197 0.0445331446190228 0.8928414840502296 0.6410058275821308
1 0.3382694495525316 0.3344503410702459 0.5140945807396557 0.7717290162124807
0 0.6939735578968623 0.8802967640422531 0.0910288887931591 0.5048773170753884
1 0.3865618609783008 0.260518556616164 0.5352805983587137 0.8983354401374832
1 0.3237918200895658 0.2399274959120214 0.5260507476253042 0.7164783320148758
0 0.456960055239455 0.8417446418481779 0.3234505710039417 0.3593487210962292
0 0.8630258377863834 0.720977921174045 0.121070050186314 0.7311721019849604
0 0.4865570019254484 0.8538957619730063 0.2050625532556486 0.5882235294652518
1 0.4711954295480605 0.6226615920852244 0.149780355827428 0.5716506514998589
0 0.7805941955303637 0.8914452671124465 0.0603632158011502 0.4375221591787373
0 0.3279231356683901 0.9323954397991372 0.3111240041355246 0.4623223846804331
0 0.4510990666983969 0.8732522569009193 0.0646788062980593 0.0950826818334742
1 0.3014913679337126 0.6844385153060653 0.2027376473172938 0.3896762695836401
0 0.7547464357570907 0.5098697922146928 0.262374198031318 0.8037036705856678
1 0.3922649510705348 0.5008125687472638 0.2975441070928555 0.9508813724687888
1 0.4768740057258652 0.5098697922146928 0.22967757025007 0.7630296643843713
0 0.5703700753593088 0.7235330982199988 0.2999775488401145 0.7619714729443428
1 0.418256910340451 0.451113065815519 0.2051366332522024 0.7580923467634142
1 0.2986001680260187 0.2289361193951662 0.7373639377948177 0.7006081877119761
0 0.6179155333924669 0.3063471346731675 0.6006002046223102 0.6206692790310702
1 0.4303696680584701 0.2792540275475496 0.4584096810045879 0.85037318584795
1 0.1922314093272468 0.3089808749957903 0.6989112512115796 0.7401067286796329
0 0.6479162386690608 0.7546516379978073 0.2317441868050918 0.8300366372968894
0 0.5920173037953689 0.8579249357336097 0.1378974075430245 0.7039000358256725
1 0.2690032213400255 0.519159712625399 0.251598573416331 0.7503340944015566
0 0.6363081791892925 0.7741615183706458 0.1728829780084864 0.6339512179819417
0 0.4382494495525315 0.8674460566442279 0.3023033161737782 0.3351303190667139
0 0.766167035891223 0.3733129752625848 0.3758923174015121 0.7658515082244469
0 0.7577962551110919 0.7723807507661452 0.182254958967842 0.7107182796402884
1 0.4438609729643972 0.6204169270375346 0.0923942003575505 0.6678060712694471
0 0.7693898946411959 0.5521379573952188 0.2574293582613565 0.8348557720250597
0 0.7577818351614276 0.3630137038021007 0.4124628552351003 0.9173810678596434
0 0.451387465691683 0.9403677418268496 0.2115579045813858 0.1363466933995289
0 0.6673399108668845 0.2969045770392184 0.562367173842807 0.6996681791647344
0 0.5799982757501676 0.806596928309766 0.2156172299739376 0.5353230484555861
0 0.5902580699363232 0.3754005137569365 0.4680013177676783 0.7194174496485628
0 0.6069996314965855 0.8475508421048694 0.1453527839403795 0.7283511672440601
1 0.4604157961765067 0.4105482272953484 0.3876245215068817 0.8678887996581103
0 0.9250532512674066 0.8105475387937002 0.1149455295409998 0.7329357543850077
0 0.684377081395265 0.279022078825955 0.5707442432205397 0.7959454182238105
1 0.3991216371359136 0.2415511369631838 0.5679404014905121 0.8889353546650662
1 0.3775061325891151 0.1856589772757037 0.6028484463781852 0.7575050686961818
0 0.5468756513712509 0.7410265211583292 0.3002359674327439 0.7352866848522872
0 0.7805004658575457 0.4074505895295364 0.3249278639584724 0.7629123905907599
1 0.2816855670697848 0.5311585696378256 0.3407215469446658 0.7713762857324713
1 0.4061297326727675 0.2494486168226397 0.4709171408878454 0.8057027796721131
0 0.8002125370486556 0.4233989346933736 0.3259959941413402 0.8710624648790201
0 0.4791264018634302 0.739013804832234 0.2876897447605919 0.6715697418551152
0 0.5396476516020163 0.6256806665743675 0.413940148189631 0.8422622030060831
1 0.5807769530320404 0.5491188829060757 0.1265312964438796 0.8160474191876483
0 0.8941873490109542 0.6558714114657976 0.1530665789303638 0.8752988670358346
0 0.576779742985094 0.6078767316377732 0.4197674874534214 0.7968854267710521
1 0.4419935894828692 0.4401216892986638 0.2193444874749607 0.7832493936914081
1 0.5100124199496643 0.476040071170116 0.2881721261334999 0.8475522511070496
1 0.2343592922715242 0.0398904290787174 0.7788788847007131 0.520395639997454
0 0.8829830481217864 0.6467393658301123 0.1737702151765136 0.8692988124789729
0 0.9135533414101206 0.8926835739970889 0.0428682770801473 0.4304675495785482
1 0.5123416744189401 0.6249848204095836 0.0750155500032309 0.5341503105194723
0 0.8065068450771261 0.3777237420812956 0.3926464561569776 0.925372049610373
0 0.6809307134254953 0.8655081624863888 0.0832074193895793 0.4724315675095701
0 0.5883402166309701 0.8389575160806295 0.1863155764533568 0.6125601143875538
1 0.1589285355775263 0.7651042949032169 0.2173146094298576 0.1792561744728443
1 0.4816095171956241 0.629242201783369 0.0778193917332586 0.5241593105831219
1 0.2921472405512406 0.2674882415892414 0.600415004630926 0.942654024932486
0 0.6550685337025579 0.5618910270274317 0.4094005949124432 0.8594250863362338
1 0.4724463601814392 0.6218086193671023 0.0708420897322678 0.4953590487101847
1 0.4681730080984214 0.6225830288085554 0.1567576578284188 0.5561323285777934
0 0.7021136194823645 0.769672188275266 0.2104135409136924 0.8180456191749184
0 0.5695322762838125 0.5156759101669991 0.5122124319900059 0.7289393544104676
0 0.5310713865391689 0.4817684563718208 0.5761322708768605 0.8401458201260263
1 0.3295670099301213 0.500347923082392 0.2917512236414156 0.8789352637369632
1 0.3845358580504655 0.1865119499938259 0.5711878618045534 0.7358748720186947
0 0.7633407257570185 0.5617376415825062 0.3137814086630624 0.9730997563126836
1 0.3547370320691719 0.5595677987030725 0.2038449709867103 0.7034291224528765
1 0.3400070534870807 0.5691674828903598 0.1924047798910117 0.6602878210898642
0 0.6926613424774103 0.7688977788338129 0.2010768771619962 0.8122855668003309
1 0.4863060948012894 0.6080301170826988 0.1006635953216878 0.717065610082108
1 0.6218233397514945 0.5478802019105921 0.1281162638120059 0.8521368382479972
1 0.1737378238827712 0.0383416101958113 0.9477511280074096 0.4847771343099011
0 0.3980834007600833 0.9209364247306798 0.3476213233678678 0.404721860934559
0 0.7145580360426628 0.8895073729546075 0.0897367958300127 0.4945317684606781
0 0.8858021482811588 0.9279061097037572 0.0402883981303982 0.404367312256199
0 0.8406460759073765 0.8961665459294212 0.0460812815818381 0.3749852269110814
0 0.7585677224181325 0.8449956650589155 0.0904388330066556 0.6933199396237394
1 0.397362403276868 0.324697271438033 0.5153866737028023 0.7931235743837347
0 0.4962198101955015 0.2736012127357837 0.5877180377797403 0.6388876265037234
0 0.619271008660912 0.8351640321500337 0.245804397871928 0.5791779926711949
1 0.4741983840656528 0.602844940822535 0.0993715023585413 0.6823880220409722
1 0.5011864734583793 0.5300747705306327 0.2136243919271114 0.764676042990807
0 0.3856101443004565 0.5552355951610308 0.6080512740431214 0.8635396692035607
0 0.7691519654717349 0.570020455608482 0.2859195774010812 0.9525268419760496
0 0.3169207140745227 0.894617727046515 0.1704452292846835 0.2798752711930676
0 0.3349168112555798 0.986970729325306 0.3546718439701036 0.2509568264273438
1 0.3588611376731641 0.5217141414496702 0.1844687449113662 0.7017836529456158
1 0.4920524447425163 0.4329200556039917 0.2236622314601417 0.82850844158324
0 0.5043722729377149 0.4553704471893042 0.5928131910310812 0.8459058725006138
1 0.219254394998161 0.0103955303520713 0.9891239446873586 0.4753770488374842
1 0.4783080697199807 0.5095600284381115 0.2303787460314041 0.7691427199687207
0 0.7112198176953753 0.7888715566498408 0.1925154691881879 0.6064509679296579
1 0.5917577447014113 0.6617561749991582 0.0316141473711418 0.425649323949553
0 0.8778567560161247 0.5142050634656329 0.2418187217782755 0.878589806050356
1 0.3242460485039914 0.6317188155526535 0.19192498270403 0.5012318293825072
1 0.5477033564819823 0.3858531706623461 0.301196423202016 0.8772897942297024
1 0.2518074313653375 0.5862793127705831 0.2358035983371744 0.5553141393200396
1 0.5165764531366059 0.5237268577757654 0.2073874591940034 0.8654205953972194
0 0.7878690601360073 0.8905137311176553 0.0585155228638507 0.4061309646562462
0 0.3287378628244236 0.9703265379966848 0.3492450535248885 0.4370494276075907
1 0.3228977832103787 0.2987601668119754 0.4867151308505827 0.7814860140211134
1 0.4289493030165358 0.6016814561061491 0.1190759200465246 0.645824053211126
0 0.8161033215787235 0.4161224788304453 0.3198327107071316 0.8630687558307645
0 0.86987531387693 0.8175134826583648 0.0963436978482348 0.6212601934950034
0 0.7100734316970628 0.5369647698945171 0.285587940207207 0.8875171599516263
1 0.4677115697091635 0.6355908627599187 0.0852747681306136 0.522986572647008
1 0.048709650318384 0.8150368688890801 0.2460628164645572 0.4844225856315411
1 0.4548331126639696 0.5803159859605533 0.1634334714713421 0.6719242905334751
1 0.3833678421276564 0.2900134553428102 0.4535384905335257 0.8040564010656773
0 0.4171609941659635 0.5748202977021257 0.5295953893208694 0.8158119625012502
0 0.7435421348679229 0.643252652789367 0.2366891127145842 0.7711411926857433
0 0.5809067325790191 0.8316810602177013 0.1557584392702522 0.5879871636796785
0 0.8067159343472586 0.7868588403237454 0.1452795653391345 0.6989627182047156
0 0.4271323893588329 0.9166790433568944 0.3179505619574816 0.2635387590132481
1 0.2721251404423483 0.0387269443623314 0.897820348934887 0.7643233125107977
1 0.2990543964404445 0.0656666660430238 0.7409430353027334 0.526741152240923
0 0.7113856471165149 0.9213255000056128 0.0922477631550606 0.415540141120416
1 0.3507571259618228 0.2741436734556421 0.487671279643311 0.7583278034498121
1 0.2857736227996164 0.5381260099458552 0.3442274258513365 0.7556241425025232
0 0.7518768657738932 0.6376035790860141 0.2669503606091283 0.8000600010911372
1 0.3229698829587001 0.4515769632587082 0.292487716630409 0.8069955186993643
1 0.3873837981091664 0.4371774369777771 0.2959935955370797 0.8419094725260736
1 0.0641606263836906 0.8120177943999372 0.2543291965451138 0.4804316402520526
1 0.2844253575060035 0.1240391806082013 0.6141801016649794 0.5642414932213099
0 0.3660350626311577 0.9570119331554704 0.2103398916147931 0.0615823772243286
0 0.674845494667157 0.4170502737168237 0.363565750533095 0.7693779039253661
0 0.7572338770741839 0.9310785696378258 0.0467101001572361 0.3142028560517199
0 0.7845813116125451 0.7467578992467643 0.1397407935037801 0.7741975841130418
1 0.3430136129920891 0.3115360520417441 0.4777436987098025 0.8574268863489639
0 0.7906953702702118 0.3939040359667274 0.3767020289917505 0.853312303481637
1 0.524007053198624 0.4958578447653294 0.21037693161307 0.886462604908299
1 0.5455951598410603 0.6516925933686813 0.0522790208283972 0.5962236022077343
0 0.6334313992312628 0.3354566992332935 0.5815547543455317 0.5894053583931186
0 0.6615430911018324 0.4390367678589469 0.337917705214638 0.7716113787791992
0 0.6209653527464682 0.7527960482250503 0.2198979339608417 0.5581323467634141
0 0.79714829774499 0.8950030612130352 0.0582226484588709 0.4069582449057529
1 0.363158282673128 0.2640015285484963 0.61609670622698 0.7863057851187065
0 0.8604446667964722 0.3897252178696113 0.3750782988347298 0.876353422079162
0 0.6532227801455264 0.5059218005066475 0.4504719232343249 0.8750625012502614
0 0.7208379241214691 0.5556209293275509 0.2555842495099834 0.858484168689817
1 0.3189322970526938 0.2588949155650016 0.4955315118357852 0.7205929148822026
0 0.7992752403204753 0.3510945323988669 0.4322060357119779 0.8805807332442238
1 0.3755810693089299 0.26880137064214 0.4708094664742499 0.8272147934568136
0 0.8428379082563514 0.9094025874939664 0.0302875985956447 0.3948490438909953
1 0.3211024994771722 0.5007351278031185 0.2680206442802679 0.8162819667748711
1 0.3210087698043542 0.5114182369867576 0.2828917728907748 0.8718897451285268
0 0.6021905782835385 0.6995338877517802 0.3139666086544467 0.7972381572510616
1 0.4263176622027994 0.5844199818894132 0.1693038805005708 0.6517059248752011
0 0.6217440300283409 0.3392501831638896 0.5688233316819953 0.6364239677387089
0 0.7046371106736184 0.6227401553618938 0.2497900739655804 0.8235711239622829
0 0.6660781652712573 0.5669228178426698 0.2776544894134878 0.8551932296752958
0 0.8002125370486556 0.5303845343072139 0.2904935864906197 0.836619424425107
0 0.8764724408483511 0.4967093210400866 0.2548460337303724 0.8789352637369632
0 0.7860233065789758 0.5447062455331585 0.2752899592909298 0.9318357447466288
1 0.3404108120776813 0.1663062234562034 0.625434231373985 0.7046054967856915
0 0.3738434653743807 0.8103904122403619 0.1560900764641264 0.6100873646307864
0 0.8420952808486396 0.4158119668321814 0.349908327912637 0.8862262391227256
0 0.791127968760141 0.4062908459215631 0.323080171021173 0.8052318662993172
1 0.3206554810375787 0.1656103772914195 0.6496049837379112 0.7517450163215945
0 0.5828173759095401 0.2560292265207841 0.5847677588472225 0.6591150831537503
0 0.3738434653743807 0.8103904122403619 0.1560900764641264 0.6100873646307864
1 0.4353733905919852 0.5185402224833207 0.2171673108320589 0.8187510801349374
0 0.5276257395668823 0.860244422949556 0.086230916923342 0.3367757885739745
1 0.4299514895182052 0.5976560234539583 0.1163840597066362 0.6612241932404048
1 0.2303721761893429 0.036328893869716 0.9032083765912076 0.6607605526610109
1 0.2715050826067831 0.582792599729838 0.2355451797445452 0.559659633377888
0 0.7002101861266758 0.897558238258989 0.0795507963038749 0.412949208470862
1 0.3765039460874456 0.61832564743477 0.1966484438796389 0.5633051210707694
0 0.7898950630638428 0.6266084614607461 0.2677622256876387 0.8322693848713821
0 0.5748647736696738 0.3733129752625848 0.4277397010360351 0.7503340944015566
0 0.8140773186508882 0.5707948650499352 0.2069447020052986 0.86389239968357
0 0.5716015390606407 0.7619280938607357 0.2518199520106834 0.7370503372523345
0 0.8116187172331235 0.4103911007420101 0.3144102272384604 0.8385003506187657
1 0.4571143487008632 0.6259911785726313 0.0729482012621965 0.4912408294461569
1 0.2254045035299886 0.6150746242240325 0.2617471022465375 0.7061336924993407
0 0.7303623008747449 0.418677655876399 0.3238554267990609 0.8053500491921037
1 0.2181873187230022 0.2043944482070892 0.7641920946862817 0.646533150567846
0 0.7738384491126352 0.8852499915808223 0.0520981278135567 0.3802670931194704
1 0.4986841795931318 0.4723251505161891 0.1867953736403386 0.8298011806104911
1 0.4580285735095804 0.4966322542067825 0.2125170682576948 0.8203965496421979
1 0.3129624378916701 0.576447679861701 0.2637765495939863 0.7689076269219928
0 0.78901544613432 0.5802374226838842 0.2967300885260732 0.8651851387108214
0 0.6403818149694597 0.7421900058747151 0.2513401548237017 0.8238056715495058
1 0.2223618941508195 0.6660921196496126 0.2123327296616193 0.423058391299999
1 0.4542462207126322 0.503057607905795 0.2093436879402072 0.7984136224847013
0 0.5162974271106016 0.7501623079024274 0.1610344855364335 0.5522504750993389
0 0.8430902573754769 0.8009478546064128 0.1440994537661274 0.7431631201069314
1 0.2938992644354541 0.0182892691031143 0.8080371159023844 0.5383867126762868
0 0.7741773179297464 0.3676601604508189 0.4113559622633381 0.8824625685370577
0 0.8162186811760378 0.6087259632474827 0.2486831809938182 0.8100519101266629
1 0.2862639010882028 0.4954710141554442 0.3306087660197729 0.8477867986942724
0 0.4096914602398517 0.9154407364722524 0.3010844418118767 0.5133410303972649
0 0.637173376169151 0.4735634574008314 0.2943311025911646 0.7535077596224665
1 0.3549100714651435 0.5132760714245623 0.3117140599220281 0.9002172754303173
0 0.64777924914725 0.5327070144098904 0.4279249010274193 0.8761170562935886
0 0.6666982231068227 0.7396348288287615 0.2506019390440908 0.8544877687152768
0 0.862917688163901 0.5411450844349983 0.2610829664634803 0.887171702265019
0 0.8037165848170823 0.3355352625099627 0.3720160385120727 0.7324657501113868
0 0.7928367327953616 0.4272709819006387 0.3302426730135482 0.8211020106022168
1 0.265708262841731 0.2444953892840705 0.7205710362504578 0.7252947758167616
0 0.7977827755302194 0.4333839530471811 0.3339294449350593 0.8809352819225837
0 0.8733144718718676 0.5233400271658802 0.2365047741185086 0.887171702265019
0 0.8224336794813549 0.5327070144098904 0.289279019105262 0.9608723724051392
1 0.4038153307516459 0.6385313739723927 0.1429150352165765 0.4645587686516272
0 0.7137577288362936 0.7741615183706458 0.1935857528593275 0.8212192843958281
0 0.752619493181605 0.5583294918184302 0.3199446920972709 0.966872426962001
1 0.3287739126985844 0.2366764727012838 0.5247974174510522 0.7185938057957573
0 0.926516876158334 0.7027849109625178 0.1313637241260473 0.8171056106276766
1 0.1830531113659144 0.2979109352022661 0.6966587024791608 0.7291739019976903
1 0.4695688592259265 0.5117278137079182 0.2183848931009973 0.8719988370295607
0 0.5987946801375937 0.6811089288186584 0.1703375548710879 0.6179692544804823
1 0.142460953060886 0.321289121673957 0.6768423034010382 0.6983745310383079
0 0.715264613576214 0.3634813423537028 0.3839377495853706 0.7476304334542677
0 0.853660080479415 0.7767166954165997 0.1417736864324638 0.7453967767805996
0 0.8828388486251434 0.5275977826505068 0.2355085704439227 0.8844625867226783
1 0.2528961375649929 0.5267459322649085 0.2560636159993107 0.7503340944015566
1 0.4775769782720002 0.6242104109681307 0.1508527929868395 0.5765870600216408
0 0.6172810556072374 0.7284077624818988 0.2318548761022681 0.7747854076397792
0 0.584309840699796 0.6071808854729894 0.3362552122687229 0.7617369253571201
1 0.3450324059450922 0.1664596089011289 0.6314510776057035 0.6990799919983268
1 0.5272118870115166 0.7019356793528085 0.0059273392637904 0.196183601116597
1 0.1904649654933691 0.0313756663311468 0.902067027807095 0.6244329496167379
1 0.3227896335878963 0.257888557401954 0.5525860301117883 0.841556742046064
1 0.5813321210941161 0.5566272874905986 0.1287106265750533 0.831212102530529
0 0.545289456908177 0.3932830119701998 0.3608351274043122 0.6876789792411141
1 0.5681270521890257 0.5567844140439369 0.1213629245912938 0.7714938322558353
1 0.4489137233267709 0.6418609604597993 0.0697739595494001 0.4630314820371532
0 0.7661598259163909 0.5693246094436982 0.2717840803842591 0.9045627694881656
0 0.877078078734252 0.8354745441482974 0.0816913636461541 0.6365421506314957
1 0.5269523279175591 0.6054001178684887 0.1053840416137161 0.7227083886630842
0 0.6785514217308845 0.2595121984531163 0.5904486609085231 0.736462150085927
1 0.5161914404805689 0.6359013747581826 0.0800331776767829 0.51851380470462
0 0.6257095161860258 0.638299425250798 0.3516095836474465 0.7851302289751494
1 0.4156036396022182 0.595336536238012 0.2072767698968273 0.6501786382607272
1 0.3517232625893314 0.6283892290652467 0.1238351291274474 0.5568414259345135
0 0.7937812394983738 0.6620666869974219 0.2581671433433131 0.8078182534529947
1 0.403678341229835 0.5955684849596067 0.2074244991922803 0.625605687552852
1 0.4826780354657493 0.6348164533184658 0.0811013078596506 0.4878317075388491
1 0.4317323533017472 0.5450930761430437 0.1546903090873845 0.734699406785055
0 0.6261204847514587 0.6481310581596801 0.2879137075408706 0.7441031286541732
0 0.3941467545017271 0.921014988007349 0.33743532384173 0.510286457168317
0 0.5502542455775984 0.9183849887931388 0.1679730247485299 0.3837943979195649
0 0.511581310473141 0.7791933091858843 0.1393014818963103 0.490777188866763
1 0.3878524464732565 0.4641957219351387 0.3137814086630624 0.8247465891959228
1 0.4195547058102388 0.5807798834037425 0.1640235272578456 0.6482968029678933
0 0.441705190489583 0.8890434755114183 0.2786106382062162 0.3020936550369621
1 0.1325616576163381 0.7869336624920018 0.2308215893596399 0.1135373950917009
0 0.3454145346111964 0.9467949660800684 0.33931747259138 0.4796043600025459
0 0.935918683339463 0.7460583119735675 0.1161988597152519 0.7439858548605618
1 0.2497309586136771 0.5325521325215998 0.3287998358713679 0.7356394153322967
0 0.5090788003086486 0.8405811571317919 0.2880213819544662 0.4165946961637433
0 0.6625885374524948 0.7428072887628299 0.2028853766127469 0.5744688589432335
1 0.274915400702392 0.2455017474471182 0.7292452870097141 0.6912035567436827
1 0.3597047047285261 0.108786681609148 0.6366151424817456 0.6488877174318266
0 0.5083473411519518 0.8283514737302945 0.2496423446701273 0.4303493666857615
0 0.5315688748025875 0.3486927407978387 0.424677440713378 0.6873244305627539
0 0.7902195119312897 0.8987965451436312 0.0515037650505094 0.3712215563254134
0 0.9316503782388276 0.7376221125026661 0.104832748616107 0.7218856539094538
0 0.8148776258572572 0.937969691334234 0.0514305464492644 0.3821489284123043
0 0.4802814398315413 0.8292792686166731 0.3209051478665432 0.4371676105003773
0 0.4112992846274221 0.573428605372558 0.5327308682447714 0.8709442819862335
1 0.3307999156264197 0.1771442145281331 0.6094553483964072 0.6981399834510852
0 0.7237002841298343 0.7847675607209811 0.1754284011458849 0.8064073315329569
0 0.8176390462179722 0.8003268306098853 0.1249463290757533 0.6897935439228201
0 0.7994482797164472 0.9334017979621848 0.0400644353501195 0.3462940569391781
0 0.4613494879172706 0.3430436670944856 0.5872744191957265 0.5308593715049509
0 0.9470580944551414 0.6263765127391514 0.1706304292760678 0.9094991780099474
1 0.3935483265906583 0.4347008232084925 0.301342860404506 0.8591896296498358
1 0.3933608672450223 0.2681840877540253 0.4776704801085575 0.805937327259336
1 0.3566981452235179 0.2495271800993088 0.5128412505654039 0.7465722420142392
1 0.4072833286459121 0.6019134048277437 0.2086054721605962 0.6417149249388509
1 0.4297279802984085 0.5036767613481161 0.2829649914920197 0.8147537710612218
0 0.4877884656267803 0.8216923007554808 0.0927990561526698 0.5474322494703439
0 0.8255700185333421 0.9234167796083772 0.030619235789519 0.374748861125508
1 0.0001 0.8595485767847721 0.2389403693540397 0.3514668312465333
0 0.9204388673748278 0.7335181165738062 0.1239858733064811 0.7549186815425043
0 0.7594112894734945 0.7656467556230753 0.1759064755422491 0.7419876548732915
1 0.5275392198688965 0.6978316834239485 0.0158936829861933 0.2481386189839693
0 0.3121332907859723 0.9438544548675945 0.3186138363452301 0.4169492448421034
1 0.5957809106577533 0.5938625395233623 0.0901459586016757 0.7888917177227965
0 0.7319773352371475 0.6317973788293227 0.2625960073233248 0.8166346972548805
0 0.5492628740381772 0.8936113688834675 0.1549099648911193 0.3779216172472426
0 0.7004769551954654 0.630016611224822 0.2437749505244792 0.8305066415705102
1 0.3307566557774268 0.5062315642832287 0.2882453447347448 0.7355221415386854
1 0.3355296591163129 0.4860262118564474 0.3575876670902708 0.8464940596670213
0 0.7329218419401596 0.3980080318955872 0.3107191483404053 0.7431631201069314
0 0.6836921337862103 0.7563575834340518 0.1929952663751696 0.7143619491348191
1 0.0336119630198529 0.7698255737201914 0.2645884146724966 0.0922644743900997
0 0.857164128247842 0.8188303528196761 0.1006635953216878 0.6433603944461114
0 0.7308669991129958 0.406212282644894 0.3235237896051866 0.7974736139374595
0 0.7679478996747651 0.7719168533229559 0.1777154056906541 0.8028809358320377
1 0.3801233534531871 0.112580165539744 0.6678751782368019 0.6859153268410667
1 0.0509807923905126 0.8627210367188406 0.2283859079845779 0.1604469125362575
1 0.598477441244979 0.6976745568706104 0.0001 0.2432022104621874
0 0.7832330463189321 0.851883045646911 0.0389963051672518 0.4106037325986342
0 0.5664911088996099 0.8579249357336097 0.1352055472031361 0.3970854278621893
0 0.8999120690276846 0.8695335951385798 0.0149332272169212 0.4208310983205579
0 0.4877899076217467 0.8216923007554808 0.0927990561526698 0.5474322494703439
0 0.590243649986659 0.5465640799709632 0.4627252715014969 0.725412049610373
0 0.9213473242036794 0.7129270558696637 0.1304420311456695 0.7840722193549561
1 0.1555470573812459 0.7792718724625535 0.2203406911495466 0.144574040935832
0 0.8371780780131104 0.6348164533184658 0.1370876959527861 0.8041736748592888
0 0.5624391030439392 0.6286997410635105 0.3533797510069572 0.7710236461623793
1 0.2356787176658084 0.6095003726889359 0.26366586029681 0.7490404462751302
1 0.2478924150314778 0.29187278622398 0.6624139319792363 0.7019009267392272
1 0.384514228125969 0.3366164428412667 0.4952730932431559 0.8133437582403592
1 0.3493656008192169 0.4358605668164657 0.3016400417860297 0.8182810758613165
1 0.3857255038977709 0.6195639543194124 0.1337282542486053 0.6019781999872701
0 0.6803322855144265 0.8819204050934155 0.0970069722359834 0.5206320057830274
1 0.4558727910347662 0.2625312729422593 0.4793329730544726 0.833915763477818
0 0.4053294254663984 0.9513628594521172 0.2252860046869278 0.1315284677705337
0 0.4958059576401358 0.7359947303430909 0.2492366274796993 0.7135392143811887
0 0.782007350597466 0.5458674855844967 0.3183941805414952 0.8703533675223
0 0.7801327571411059 0.8812245589286317 0.0594759786331229 0.4560950553297507
1 0.6048150091224427 0.5241915034406373 0.1468645327072608 0.8977445256735498
1 0.227899154821914 0.6986060928654017 0.1880129559092769 0.3153846849795866
1 0.5917865846007399 0.657884127791893 0.0149719900058155 0.4053127753984923
1 0.2999772732189603 0.6611351510026305 0.2196395153682124 0.6711061012757212
0 0.5541324910398142 0.6324146617174373 0.4126825110388352 0.8360312372586995
1 0.0821999834137405 0.7610788622510263 0.2569125210760979 0.1699651809014611
1 0.2915343926905075 0.1728082698776787 0.6402330027785557 0.7108355534338998
1 0.2684408433031174 0.5143598705317552 0.3553351183578521 0.7363448762923157
0 0.648947265070059 0.3239976841648362 0.5987180558726604 0.647242247924566
1 0.158683396433233 0.3285655775368853 0.6759206104206605 0.7289393544104676
1 0.3362578665743606 0.4614871594442594 0.276323633661447 0.7918308353564836
0 0.5846342895672428 0.8284300370069636 0.1674561875632713 0.6271329741673259
1 0.3777224318340797 0.2604437344479077 0.5164203480733194 0.8834080316793512
1 0.5719966456814429 0.6000578150549867 0.0940566933034656 0.766438786291679
0 0.545941959630487 0.5514409888979108 0.4010967441359554 0.6819152904698255
1 0.3535041263728735 0.509095756884081 0.2846662472268292 0.758210529656201
0 0.6646650102041551 0.485097294637545 0.4475216443018072 0.7154201405748475
1 0.3223642450727992 0.4796008581574348 0.3443738630538264 0.7620896558371295
0 0.8082372390368432 0.4987224114770231 0.2378700856829 0.8025282053520281
0 0.5111000446530948 0.7672703966742377 0.2738901919141879 0.6923790219773225
1 0.202613773085549 0.6993019390301856 0.2065755941154931 0.2935117588222991
1 0.3141448737641434 0.5117278137079182 0.2543291965451138 0.7827791166880348
0 0.3169207140745227 0.894617727046515 0.1704452292846835 0.2798752711930676
1 0.4668254638022918 0.5683930734489068 0.1663880573804036 0.674978863762423
1 0.3788760278072244 0.277858594109569 0.469625047924699 0.8159292362948616
0 0.7835719151360433 0.3990892122268912 0.3334513705386951 0.8245111325095247
1 0.3516079029920169 0.5749736831470512 0.2297144810390505 0.6246693154023113
1 0.4385674094426295 0.6162381089404184 0.0932814375255778 0.6579332542258836
1 0.3748240219515537 0.5622801023023645 0.2394938158399207 0.6796879974903842
0 0.8029523274848742 0.7178802834082328 0.1493022814310638 0.7986490791710994
1 0.2091315903338164 0.6191786201528923 0.2571709396687273 0.7117755619811416
1 0.4479036058527861 0.51683712028947 0.2300835027893251 0.7562114205697554
0 0.8372645977110963 0.3486927407978387 0.3645994249036122 0.7776067151113414
0 0.6788398207241706 0.7956055517929107 0.228459729562539 0.6189056266310228
1 0.1929956666594552 0.7424219545963099 0.2524104384948413 0.2802298198714276
1 0.3221479458278346 0.3037171354589575 0.4906258655523725 0.8365021506314956
0 0.6061632744160554 0.3366950061179358 0.5903409864949275 0.6059782363585113
1 0.3907148064816217 0.2780157206629073 0.4283685196114329 0.792653570110114
1 0.4515994389517484 0.6362867089247025 0.0864161169147263 0.4953590487101847
0 0.5436419776590298 0.7221376647820182 0.3043706649148125 0.7343466763050456
0 0.7657344374012938 0.6051681691468942 0.309207399573524 0.8437903987197323
1 0.295153800056249 0.2058647038133262 0.6698650014000475 0.8829353001082044
1 0.3817311778407574 0.2784796181060966 0.4904406655609882 0.7901853658492229
0 0.6357962709762096 0.4865682984654645 0.4683329549615526 0.8957535984796821
0 0.8299897331054527 0.6010641732180343 0.2690172786525082 0.8527241163152295
1 0.383252482530342 0.2594373762848601 0.6132196458957073 0.839087628685998
1 0.3810678601561992 0.6178617499915807 0.118705520063756 0.5741234012566263
1 0.516345733941977 0.5299973295864875 0.1854666713765696 0.8161646929812597
0 0.6746436153718567 0.9143595561409484 0.0757864988045749 0.3438303981741636
1 0.3125658892759016 0.2599760958963056 0.5522543929179141 0.8308593720505196
1 0.4403576461934534 0.3245401448846947 0.4231656919464966 0.903271848659265
1 0.3425954344518241 0.243874365287543 0.5705934990415059 0.8609532820498832
1 0.2323909691423461 0.0269611584040232 0.958161090313826 0.5676506151286178
0 0.545289456908177 0.3932830119701998 0.3608351274043122 0.6876789792411141
1 0.1385675666515226 0.3166464061336516 0.6750333732526331 0.6807425525337116
0 0.5315688748025875 0.3486927407978387 0.424677440713378 0.6873244305627539
0 0.3571667935876079 0.9203977051192342 0.3294286544467658 0.4663224210516743
0 0.7897580735420318 0.7422648280429716 0.1221037245568311 0.7151846838884494
1 0.6261349047011229 0.6743749336755885 0.0166301759751868 0.5352048655627994
1 0.4071247091996048 0.1536089015031038 0.6354350309087384 0.7455140505742109
1 0.4156468994512111 0.4252545244661306 0.424750659314623 0.8205138234358093
1 0.3615792981848863 0.6592795612298736 0.2004497813772158 0.6703970039190013
0 0.8475243918972517 0.5930133079136529 0.2161336364615417 0.8897535439228202
1 0.3333666666666666 0.5062315642832287 0.2579828047472375 0.8152246844340179
1 0.4444767048150632 0.432609543605728 0.2255443371400262 0.7863057851187065
1 0.3980978207097476 0.2670206030376393 0.4753834755637883 0.7674969777317076
1 0.4626386314172598 0.2796393617140697 0.4338297658689986 0.8777625258008492
1 0.4899925549329698 0.5878243905450763 0.1214016873801882 0.704017309619284
0 0.5639308468367119 0.7638659880185746 0.178563880069787 0.6810971012120716
1 0.3031352421954438 0.267331115035903 0.6793532707260862 0.7389312634459932
0 0.6534246594408266 0.5461768752502367 0.4274812824434058 0.9063264218882128
0 0.8227941782229625 0.8771991262764408 0.0571889740883537 0.4897135428316829
1 0.4521091841723817 0.2367550359779529 0.5073800043078381 0.8100519101266629
1 0.4111190352566182 0.4436794833992524 0.2210789069291576 0.7663215124980678
0 0.547327716793227 0.9035215650690186 0.1612929041290628 0.39873089736945
1 0.3680394356344965 0.5741244515373418 0.2297513918280311 0.6752152295479964
1 0.2753984690161463 0.6198744663176762 0.2416714231804769 0.6989627182047156
1 0.2999484333196316 0.5816328561218648 0.257465967561979 0.7350521372650644
0 0.7622592295321955 0.542151442598046 0.3117872785232731 0.9533541222255564
1 0.3896909900554557 0.6410079877416772 0.1532517789217481 0.4531586649935895
1 0.5481655158687234 0.5037542022922615 0.2356558690417214 0.8178101624885202
0 0.4141039648371301 0.899496132416828 0.100586069743899 0.244138582612728
0 0.7387835514787012 0.7308095540829271 0.1953201723135244 0.7215329234294443
0 0.5541901708384716 0.7810526400670541 0.2428153561505159 0.739636724406012
0 0.688724696219054 0.7712958293264285 0.2265038453744588 0.8180456191749184
0 0.8139547490787415 0.5601888226996 0.2564697638873931 0.8633042125171627
0 0.7909116695151764 0.7409516989900727 0.1409596678656816 0.7712587392091073
0 0.4328426894258991 0.8669821592010387 0.2648102239645034 0.2923390208861852
1 0.2276684356272851 0.0347800749868099 0.7788788847007131 0.4921862925884502
0 0.7920075856896639 0.3922766538071522 0.364190262131949 0.875998873400802
0 0.3750907910203434 0.9205510905641596 0.3470312675813642 0.4962954208607254
1 0.4172186739646207 0.4602488525596171 0.3514588394684128 0.8178101624885202
1 0.3572100534366008 0.4972514076491036 0.3011619673896655 0.9357175982250834
0 0.8013877629462965 0.8011798033280075 0.1380826075344088 0.6708697354901478
1 0.2900851877492446 0.4902065263969287 0.3443006444525814 0.8551932296752958
0 0.6870736119824907 0.4781302284403567 0.4577808624291899 0.7631478472771579
1 0.5081259660847053 0.5389000452764671 0.2001543227863097 0.8461413291870117
0 0.6433739545248036 0.6077981683611042 0.3351483192969609 0.8114628320467006
0 0.6185500111776966 0.8586956040666499 0.1299251939604109 0.7103655491602789
0 0.6846726903633833 0.6263016905708951 0.2363940848213324 0.7720816557825727
1 0.3724158903576142 0.2689584971954783 0.4365991517866758 0.775255593733235
0 0.7644654818308346 0.5642928186284598 0.2833741542636827 0.9277266164743536
1 0.31744704223727 0.3501629964040756 0.4854574936997867 0.7645578600980205
0 0.7955044234832587 0.4141097625043499 0.3309059474012966 0.8556632339489164
0 0.755561162913124 0.5401387262719507 0.3183941805414952 0.9492359029615284
0 0.7833484059162465 0.5240366215523466 0.3144834458397053 0.9641633114196604
0 0.539117718451853 0.7226053033336203 0.3153319202188382 0.7404594591596425
0 0.6927694920998926 0.838336492084102 0.0988159023843884 0.6582878029042436
0 0.6655950969575032 0.6177083645466553 0.2849591216318091 0.7605614601234805
0 0.8224769393303477 0.3992463387802296 0.3300919288345144 0.8486095334479027
1 0.3745716728324282 0.5269782550973444 0.2610829664634803 0.9062082389954264
0 0.7634849252536616 0.8659758010379911 0.0539802765632067 0.4175401593060366
