0 0.1545048659734808 0.1544214409393649 0.2048961052400247 0.7053927372761971 0.1337422099508882 0.7851224937952487 0.1596150913633129
0 0.1536178927787847 0.1356228842139375 0.2535017954763251 0.5913544240595272 0.1353207705551456 0.5821790482750346 0.1795242362577387
0 0.1360501011160927 0.1211682199263659 0.2123133847067294 0.623331679723831 0.1161242044129198 0.8034728656027194 0.1302297071842261
0 0.1427739301726605 0.1653271294447557 0.1733933135056098 0.7617737221957986 0.124072534691643 0.7991836693216873 0.1704553858003087
0 0.1584390212725364 0.1696140435917645 0.1963181915694721 0.7416389681426675 0.1370341830703195 0.8878921604664002 0.1693361487271483
1 0.4021659028903939 0.4160092625456724 0.3239462601406513 0.8708698275820722 0.346296585183951 0.4406829848579592 0.3785310329781557
1 0.7786526433272918 0.5123759239997056 0.707422425677263 0.699474441561534 0.6616001840700101 0.8061316866188498 0.5192297627002534
0 0.0862889974244014 0.1401285456182022 0.0735255746591695 0.8362679621942278 0.0775605241234855 0.6542251259377693 0.1195616030661781
0 0.1708804893637317 0.1264834553512953 0.2943266480403089 0.4870302526324979 0.1524588619395583 0.7189949014126322 0.1820012757621547
0 0.1625782295144519 0.1575539704671649 0.2249735813872758 0.6843718292035468 0.140687083363086 0.7237574945304354 0.1671222044865994
1 0.3611648516645998 0.3350711648020799 0.3598898287557999 0.7865848302127271 0.3148641912423932 0.6368139066370356 0.3313061545818281
1 0.1975516779547839 0.1770872088258737 0.2659763669016925 0.6666557396487734 0.1721036123739477 0.667776173481546 0.1949420035031864
1 0.2872790308117905 0.3712402071706436 0.2053613244609866 0.9106131502099892 0.2502026999579495 0.5534676119788208 0.314558000682164
0 0.205787176380807 0.1913450002191347 0.2678037112111998 0.6907098537757733 0.1770733019144867 0.7308668080370688 0.2069299127474709
0 0.0279967375751216 0.0476728409415945 0.0325548571464912 0.746617548203596 0.0255830449305373 0.5137270796622367 0.048088672325068
1 0.4524944786797672 0.3190668846504725 0.52453363118372 0.6081730608136002 0.3862008521172018 0.7550676034392829 0.3385838409393658
0 0.1303133873891061 0.0750850229717736 0.2823531506154498 0.2796937142469864 0.1140141686303445 0.7854879618939862 0.133172814898308
1 0.2781422531718019 0.2749130452474103 0.2918482286404086 0.7813499754740341 0.2424011202881647 0.7089233958896652 0.2688631150360396
0 0.1547623743203281 0.1951743241492002 0.160974195916057 0.8127519826749493 0.134273685129206 0.7350830006718854 0.1731445368428699
1 0.3745743603930173 0.3769458704982365 0.3339588006933754 0.8398535860674189 0.3188264576837328 0.6830844984711646 0.3204264199041796
0 0.237479777735381 0.2346908442145637 0.2849876657465668 0.7385884553285698 0.208922150286816 0.6678209144662767 0.2418936860862115
0 0.2083622598492797 0.1333690933098044 0.3792309578982322 0.3163967715272343 0.1828798665492426 0.7619515025251513 0.2023404154754052
1 0.377211436611657 0.4102344343559486 0.3051539151865731 0.8779176526065029 0.3252517546156348 0.5861934478329962 0.356708555433523
1 0.3681557264141944 0.3755332923419533 0.3313451225925471 0.8405206053439664 0.3203693221939241 0.4244802132347118 0.3429044712050297
0 0.1100656014499666 0.1366887296833375 0.1326353092440691 0.7667450783389266 0.0947224129039424 0.5394120718677631 0.127063906404019
1 0.2540079986645044 0.236309935117979 0.292986771777263 0.7324678377572417 0.2125948817429525 0.6785330512886094 0.2163734454911028
1 0.6157881512925689 0.5128149574805329 0.5017343558528921 0.8310601319494725 0.5298102047778862 0.8124785534414594 0.465065806841749
0 0.2077471010207001 0.202275180288984 0.2519896265596816 0.7274880825057144 0.1793618181673926 0.6572456866372431 0.2158756326974968
1 0.3638257712486883 0.2791199748657548 0.4355703650621479 0.6414546020085421 0.3145825887225382 0.7318136521835686 0.3122435319258048
0 0.1974610731660784 0.1593715260934945 0.2948657019708547 0.5841951727109366 0.1704814232102761 0.6860722012755838 0.1849400546693356
1 0.5351260459792044 0.549339099677392 0.3716912965535159 0.9103779865844248 0.4622097350819984 0.7720763118797401 0.467264840747417
1 0.4466337794524468 0.501663180642889 0.3076319029018346 0.9186956400947504 0.3861096287656995 0.51775291463669 0.4174426782105366
0 0.2027066135648192 0.1742267240502462 0.2856747398938309 0.6332304128245966 0.1736226794880949 0.6550707257213332 0.2002847131760123
1 0.5716159324620815 0.4976282450863115 0.4673438761293065 0.8404852860581318 0.4869034997104071 0.664234549723536 0.4422356792462905
1 0.2440843899647047 0.2188216988579056 0.3200444872814088 0.6743311800208648 0.2201227913582303 0.5542257838228283 0.2460392401616603
1 0.7311614280263283 0.478312767740407 0.689439199145258 0.6762415362814995 0.6154570331405359 0.8058903688276536 0.4825012790815705
0 0.0948869150052465 0.084263524968672 0.1710765759222023 0.5962130450323773 0.0873690175263212 0.6080969161210675 0.1255190033189347
0 0.2771742125345798 0.2543746046992181 0.317336038196266 0.7322131213072336 0.2387878823221383 0.7244810002308391 0.2642404302444004
0 0.1412336487646666 0.0872571711433949 0.3004066488094752 0.2952897045432719 0.1268449313307785 0.7581107606621911 0.1456147678886447
0 0.2406223333015358 0.2146259966453599 0.3006712560040341 0.6905492634099581 0.2035598037115495 0.8022116056563233 0.222439546894927
1 0.5573289878851474 0.5043711627706735 0.4418940204016246 0.8577747292672672 0.4837384460365442 0.5786962320954443 0.4493531997484941
1 0.1472469455308594 0.2244704979113511 0.1123471104711908 0.8802275638910783 0.1285702425439744 0.606894349640318 0.1872295125413784
0 0.0816681532004197 0.109603362140881 0.0930931251195648 0.7732956102963234 0.0705601234538516 0.6278024253806143 0.0985668895967102
0 0.1296171611180005 0.1720788743538256 0.1305974689075159 0.8159409381574183 0.1131772935361277 0.7101154815511547 0.1493942972916934
1 0.2710560049604121 0.2921077907323761 0.2624062199186386 0.8225307827667623 0.2326838502368314 0.5477995296221718 0.2709871162887584
0 0.0663273318706477 0.0628564142487732 0.119710783023934 0.6320202338188071 0.0580387269019906 0.7302155159713785 0.073895095154182
0 0.1713049012687207 0.1954127391575708 0.1865904544552281 0.7880235976445304 0.1502536365728068 0.5698375215077012 0.1825813358868781
0 0.1004328818086425 0.0366533488701035 0.2645490123998079 0.033485872366984 0.087896526471965 0.6680172959643429 0.1084346454166324
1 0.5347683954974721 0.4904817855058024 0.4257186578719887 0.8584431682262165 0.4589098294972191 0.4865412323830879 0.4381348561754845
1 0.57609848516646 0.4759629006643646 0.5029458849585687 0.8055817585342483 0.4880140448591308 0.5552524630205595 0.4377875896663217
1 0.584052631880187 0.5512324536056091 0.4476533902019606 0.8785830892061136 0.5131520275470292 0.7450578724268212 0.4881243992458672
0 0.1661070476008776 0.1939933621077525 0.1770854815299476 0.795783814734275 0.1411868286800117 0.782283857383354 0.1694578362989186
1 0.3733869607936659 0.2990740242454079 0.4309573038459923 0.6786034852013858 0.3247480430660351 0.5869230015103432 0.3430997484941157
1 0.1102611170466469 0.0645041153107909 0.2384338841767058 0.3558547983003924 0.0951467998000618 0.6359235570908353 0.115656057284458
1 0.3294627129638462 0.3515635659923632 0.2913309072347976 0.8492790580154219 0.2831184649195884 0.7462908631283035 0.3066026155553599
1 0.1646335276161404 0.2291520061053134 0.1462645865954678 0.8582275411256423 0.1410361118383992 0.7459027019491704 0.1997397644850407
1 0.7985093980730706 0.6554508237693846 0.5548118936510736 0.8782094910619049 0.6760927982608558 0.7781360863280411 0.5698729556126753
1 0.5060991328818086 0.3635099718526443 0.5468649159068886 0.6553746580446221 0.4287347313133237 0.7147673238342811 0.3814900129842077
0 0.1385870351998473 0.1471364646731195 0.1806186249646986 0.7240525374807628 0.1192297645966724 0.7539809799243601 0.1462232057474964
0 0.17172454450062 0.1479381410938712 0.2591491205964547 0.6132488850441801 0.1503726235530272 0.7149647542920637 0.1715587505814991
0 0.0980533139368501 0.0790190135842404 0.1866829081105084 0.5481847313690458 0.0841722339910662 0.701769058310846 0.1083624986349504
0 0.1555253620146904 0.1435062491420632 0.226408575129682 0.6534657263562252 0.1316678702623791 0.8722705849438506 0.1476262201619393
0 0.2286720385385862 0.2161268247636411 0.2739619209030673 0.7237489487493176 0.1964840446211093 0.7236459712400677 0.2195248169149734
0 0.1232891319278832 0.1335747694594034 0.1687524581090567 0.7154326008252193 0.1062522512872999 0.6861259132798152 0.1336456168075975
1 0.669116222455404 0.50485883940335 0.582347561208607 0.7781579002761612 0.5744699846872793 0.7812623878725834 0.48911906287599
0 0.0857358313459887 0.1273707171119498 0.0903805255515493 0.8025821146846439 0.0819868397876847 0.5913350358020327 0.1241664916516691
0 0.2513947658113135 0.2198156485060905 0.3175264965983974 0.6791201143101314 0.2148556343671403 0.7092392139599778 0.2301159644658939
0 0.3371355079652771 0.2405424486585027 0.4576615674412461 0.5326104030464894 0.2914991145597791 0.771403614891298 0.2910102530982417
1 0.4481120681102738 0.4379199615764976 0.377701858338739 0.8538185487278945 0.3942800680741675 0.6327672636374099 0.4092636380605182
0 0.1603369531622627 0.1776532407144903 0.1888332314090806 0.7621428868886495 0.1380336737041709 0.7745888600717961 0.1596131674491347
1 0.339605680625775 0.2865354249760959 0.3862200417706332 0.7065867553738204 0.293498095827482 0.7171264825153149 0.2876794766772551
1 0.1856776819612706 0.2814048161449902 0.1243510225886469 0.9090647559136944 0.1629535135949983 0.6724420626080734 0.2226035605786175
1 0.2071176361728512 0.1697494211904581 0.314308544906028 0.5790778859304901 0.181515482509382 0.7046872006025131 0.2031672175934812
1 0.5524697100066774 0.4536439503294415 0.4960651229524692 0.7929700531125143 0.4687540189941209 0.6130080204288675 0.4276249939985924
0 0.2327158733187064 0.2102138475920371 0.2988293583289437 0.6852639846818526 0.201061077126921 0.659157154577991 0.2240700641609407
1 0.2219911275398264 0.2888967673146945 0.1837893130692106 0.8762478958391818 0.1939020271503264 0.694690498196405 0.2273262889075225
0 0.1912379547839358 0.1929394113009727 0.2405472698987139 0.7262183925651747 0.1662018581550155 0.7343331261431255 0.1929507523287626
0 0.2245137556043117 0.2282791581285179 0.2520155660737175 0.7637053296839338 0.1918356199271654 0.7226261015025887 0.2099163085305619
0 0.2026017027568444 0.1652877991251033 0.2973295281352948 0.595032400636368 0.1724248772205428 0.7674136837451349 0.1753257745423896
1 0.3944168091195268 0.3764117137918923 0.3644720565022337 0.8193196469879421 0.3445117804806449 0.700048700735865 0.3654994002922048
1 0.3031062567967185 0.2204832116178698 0.4490409233017938 0.4935474685068979 0.2685425598425884 0.6391478507842969 0.2985308336207755
1 0.3042555070113517 0.2366333191282526 0.3950292360079632 0.6124268726341563 0.2656313450598624 0.7330516901807584 0.273301104066573
1 0.4384078183726032 0.3649675608219437 0.4392968403985063 0.7534112402984546 0.3817388403589365 0.5235837196124665 0.3792683730869461
0 0.0679820614327959 0.0706905058236558 0.1190824242978851 0.654583660234758 0.0572137505057958 0.7750828893756283 0.0710236532432376
0 0.193765351521511 0.1305314511321176 0.3463197010917581 0.3867588490465157 0.1660154452193368 0.651877286365978 0.1827366919567667
0 0.162840506534389 0.1853879791738656 0.1877352499919206 0.7739721533435633 0.1402270003729004 0.8236910725767866 0.1680990719105739
1 0.6024597100066775 0.4788114928504027 0.5354230262110983 0.7874537752692191 0.5167533668150335 0.6396857081706799 0.4760402942926733
1 0.4939437851759992 0.4499115063890175 0.4169016921638258 0.8389308479244717 0.4203977102325471 0.492875658719017 0.3982776071245247
1 0.3227245778880092 0.3174502782745928 0.3171944235485533 0.8032124993094578 0.2738374804623966 0.5542943985162547 0.2872586204507766
1 0.2790769130973957 0.2920856904090627 0.2801056191070641 0.8086350520351169 0.2487946873586747 0.7680983647691675 0.2718081466642997
0 0.1722729419059429 0.169565716317999 0.2308640746078506 0.6989246772937256 0.1554137052816985 0.6825549691226986 0.1896671118051416
1 0.7602121844891729 0.6666820096104888 0.5074426299678464 0.9007847899998006 0.660715714183705 0.582727226283901 0.5640444576098571
1 0.2079903033482781 0.2269768291972898 0.2301313649405098 0.7834734976177611 0.187064242020327 0.7657727793824924 0.2341999532876408
0 0.1859685710197462 0.1957849557428922 0.2236702749800586 0.7495299215191583 0.1641870119566165 0.6033359973887531 0.2111644478536608
1 0.2730826910235619 0.318487973927815 0.2401290237031249 0.8594308874005157 0.2434759693428224 0.5557915866198222 0.3006697452083752
0 0.2626154535915291 0.290097640429259 0.254276588229024 0.8269922642946835 0.2314146557811471 0.6461091753863155 0.2681161553563586
1 0.5229802356195745 0.4627201434574602 0.4528887573805451 0.8263597509612398 0.4482247986734265 0.5590584926559118 0.428315198210017
1 0.7995442001335495 0.5643780142969662 0.6676230533104801 0.7716478594212012 0.6804397892715747 0.5514938209084697 0.541295615388427
0 0.2472984756272059 0.176965561040406 0.3824462999780809 0.4815587559078059 0.2171838129467863 0.7739324109865785 0.2364365035197835
0 0.2452336401793379 0.1468032200322334 0.4236050894369474 0.2639134537388105 0.2091323606185387 0.861357640364564 0.2038886854103014
1 0.2267884126681293 0.2703624958572103 0.2203334330356628 0.8358612924588251 0.2032385388649545 0.5306082517180756 0.2714498176486125
1 0.552073910140227 0.4853143863361565 0.4649310369402957 0.8342057537048105 0.4721570466284245 0.451576833103661 0.4218744145199908
0 0.0682061890680148 0.0352361337323866 0.1680511048091761 0.409090903089791 0.0624531438681678 0.6215396113928662 0.083015891294423
1 0.2467262348564342 0.2518749866647254 0.2729608158291911 0.7723615098043268 0.2156964756940312 0.634608102355401 0.2465851508097209
0 0.1522969703329199 0.1353593364267376 0.2244294817660451 0.6381063356673591 0.1303272836185625 0.7394327908351219 0.1443791340077039
1 0.3567919784412859 0.3070075453788121 0.3844233525203192 0.7351288669797293 0.3006690445020985 0.6636805804914647 0.2880892703972089
1 0.3695815596680339 0.2649252283587098 0.4855995745476384 0.5494906403252544 0.318588483723292 0.7419969662788346 0.3044285925340083
0 0.1380529438137937 0.1635788538633365 0.1570170730547801 0.7776595673039928 0.1183770245717595 0.6058614337406738 0.1499503084891895
0 0.1874230163121243 0.1801340044033681 0.244166450520061 0.7007018930982196 0.1642425392140528 0.6057524209313012 0.1812451774901271
0 0.2802213946389392 0.2429102469335866 0.3383692724519654 0.6928942657880187 0.2384824824062393 0.7330083339106325 0.2530461355986181
1 0.2979990079175809 0.2011152580859792 0.4509961142439561 0.4304949526366867 0.2572268980236276 0.7651889564935506 0.2527436000940982
1 0.7180666517218354 0.491020312679545 0.6573476684427917 0.7147035311590627 0.6114947666991962 0.869071997346874 0.4828749994106834
1 0.3428102289420967 0.254583369276167 0.4652416381969902 0.5547468799469669 0.2962823911646395 0.556385499711226 0.3057108813337702
1 0.5540862901841076 0.4775253526061787 0.4664890149113723 0.828300279140287 0.4781698553622291 0.8441689826652825 0.4385234868394783
1 0.9428094457693408 0.6072622589632525 0.7690995654985503 0.7439154948865413 0.7924620649164148 0.8451585291279425 0.5741454880238843
1 0.4073351445196986 0.433334429012446 0.33192774282524 0.8762318588068627 0.356787270606717 0.3922761360880895 0.403007550131598
1 0.2940982333301535 0.3517748122464305 0.2654265773614055 0.8658233863763547 0.2781646403097454 0.5643545739575969 0.3138273942729974
0 0.2295303996947438 0.156123485340389 0.3781554536261548 0.4179354690340886 0.1992683399582669 0.7712168517832689 0.2073719320299093
0 0.2188819526853 0.2139818705731324 0.2639179187149346 0.7316791609895591 0.1859695618022993 0.6162491830623736 0.199758522648278
0 0.0875479271200992 0.0981707860120025 0.1241261739795705 0.7099881595634269 0.0749904053507247 0.6962145379131355 0.0961990322219063
0 0.3381512353333969 0.2870916696971327 0.377301397550268 0.7162959714686072 0.2845820047762993 0.7115515337368481 0.2708173308625334
1 0.7240751798149385 0.61422079336908 0.5290248698474755 0.8712654104291898 0.6159488459921135 0.7885683637702614 0.5461568655381616
0 0.2570694867881331 0.2350608009370734 0.3199394665835511 0.7013075612317143 0.2215625338188973 0.7210498903040558 0.2364066828500215
0 0.1022592836020223 0.0937256315858726 0.165958874502805 0.6319935679128469 0.0879956822888153 0.7494079676222765 0.104489178415715
0 0.067109394257369 0.0274822382648848 0.1977987178586756 0.2587625819343841 0.0661615714183705 0.5859619283789016 0.0837570792315696
0 0.0628462005151197 0.0757112082571919 0.0910539251915247 0.7134949413499917 0.0541438864161093 0.8352744406669708 0.0729759451555531
0 0.1750006229132881 0.1643088323077599 0.2414799008970355 0.6749712334815074 0.1534821499694539 0.5941665357766925 0.1853589869816359
0 0.1710473929218735 0.1599784553835607 0.2384364685478656 0.6705968236342951 0.1482982838645181 0.7437302383473972 0.1708497882068371
0 0.1230983850042926 0.0817275664433449 0.2379413667107221 0.4410395352837667 0.104241371321575 0.7848153746293638 0.1140548797096617
1 0.3627671258227606 0.3877407714383599 0.3083018430411931 0.8628643281660175 0.3228759812439006 0.7757498192801059 0.372444249496916
1 0.2060542220738338 0.1963996844230325 0.2623192967029068 0.7060721702165463 0.1802145581923055 0.7445072475767751 0.2252143121184174
0 0.2622148850519889 0.2186889917117066 0.3467907100498852 0.6403113990872157 0.2272858075674989 0.6324727539328876 0.2414083787347637
1 0.6853154049413336 0.5433658994033224 0.5532895421399605 0.8220718423138633 0.5840206729663041 0.6653177388829018 0.4861576779772153
0 0.1236897004674234 0.1612950487108586 0.1321999918571433 0.801333519496851 0.1064346979903046 0.6170586420141966 0.1338298315901589
1 0.3806639559286464 0.2785771962943262 0.4650025775543707 0.6050629832765553 0.3220549710803799 0.7836284042923499 0.3007019707708598
1 0.3781079471525326 0.3419229417442773 0.3722431151550218 0.7835293656246495 0.3206588571791271 0.7939603107732394 0.3146859409750134
0 0.0968849890298578 0.1395540728660119 0.0977990518841176 0.810370008246467 0.08992723760106 0.5583189277772533 0.1357494169614452
1 0.2576560335781742 0.2713619767405342 0.263438017340082 0.8020579405588634 0.2259174572949642 0.6941267262382795 0.2548065170716594
0 0.196192606124201 0.154637948416296 0.3023621716181671 0.5590986319238397 0.1710485944826601 0.709263825012742 0.184141630285388
0 0.2964110397786893 0.2807578980888315 0.3144131227327348 0.7678185228590738 0.2555531478351939 0.8313555096100748 0.271836524398428
1 0.8646699685204617 0.6745033363680302 0.6070107793881353 0.8649772344756663 0.7395247574163553 0.8031747196508118 0.6046679054822799
0 0.192530265191262 0.1597902542366404 0.2934313002530961 0.5875894067709392 0.171020830853942 0.792217655123614 0.2008811265712503
1 0.4188801020700181 0.4190355829265159 0.345871094701965 0.8603648966155726 0.3596310594339847 0.7593994471745654 0.3701658541313979
0 0.2234264981398454 0.1957694370335625 0.3036232997112553 0.652625453668422 0.1914072667983719 0.8733664603712525 0.2074724565457196
1 0.1950338185633883 0.257842385302688 0.1712548433206677 0.8624437664063791 0.175994486627155 0.5446787581581436 0.24428847825951
0 0.0943909730039111 0.0583079034253362 0.2192632807926053 0.3794244144313726 0.082066164441165 0.6720834193309226 0.1030500906104309
0 0.3021334474864066 0.2861794495513735 0.334742741718413 0.7556872014512913 0.2638187767278381 0.6072523499358853 0.2874659222034764
1 0.7294542430601928 0.5189208549243405 0.6383799511022478 0.7536493883539587 0.6171506144923397 0.8989480247098304 0.4866723250198804
0 0.1299795802728226 0.1120011934511523 0.2133041718006544 0.597526735347697 0.1112972992486452 0.6482044153637667 0.1364814663062454
1 0.6891398807593246 0.5485134296082916 0.5606310533514667 0.8213240592451193 0.5991240869889478 0.7328584972568936 0.5010886949355816
0 0.3798437441572069 0.2783526895094034 0.4659018282870188 0.6035128970969851 0.3224912566745214 0.7347231526271939 0.2931563793640095
0 0.1567604483449394 0.1279354220016605 0.2504667251884671 0.5756982464011702 0.1343093812232721 0.7491497721131304 0.154564335667027
0 0.0470714299341791 0.054418900045159 0.085617247259773 0.6723425032561168 0.0448351383301993 0.7176413505669894 0.0635098064203275
0 0.1087780597157302 0.103952320715822 0.1686300329191643 0.6531665009884873 0.0942504312157348 0.6535853921792486 0.1162438130658942
1 0.3002927396737574 0.3613938576680393 0.2393669812797039 0.8870974934198905 0.2565209086076532 0.7622446604322142 0.2941794207282606
0 0.1819151988934465 0.1855802491621881 0.2224823459731925 0.7357482266541817 0.1544578432072612 0.6233061188064235 0.1722956097117448
0 0.0823596107984355 0.0879447352460064 0.1312440315309739 0.6764675461339665 0.0711471258896056 0.7577713563595906 0.0939427618694373
1 0.8107553505675856 0.6859925570297801 0.5510488648084043 0.8915596953836574 0.7074101714548672 0.7657813444238604 0.6130301984577706
0 0.2095878088333492 0.217469541130717 0.2439430521419041 0.7578403168828309 0.1826696562175199 0.6185433611028903 0.2152484366754077
1 0.9999 0.7092415505232036 0.7013814056007285 0.8411597998234085 0.844725112861892 0.7282637333047878 0.6364230709503488
1 0.4331479719545931 0.3481484589015085 0.4532169171589429 0.7227913737843602 0.3675595585493379 0.7451498078208917 0.3411118641695037
0 0.1973561623581035 0.1878052790947208 0.2520556149348509 0.7041131975758947 0.1702513817151834 0.7956721296405697 0.1862165717265629
1 0.2814326376037394 0.2310873047042786 0.3659294614179836 0.6393903495676531 0.2439836471250962 0.6476660532478129 0.2509452213160377
0 0.1840801764761995 0.1392300182302417 0.2989166231635491 0.5200917968433765 0.1558301597124699 0.8277329886742586 0.1609252769186585
0 0.1200702775922922 0.0794475787772723 0.2394593669554097 0.4271180302262687 0.1017624759003165 0.9999 0.1100468854979532
1 0.1597694810645807 0.1678943310074946 0.196060696702025 0.7392538348800931 0.1363440585850411 0.7793589846325852 0.1546331155988972
0 0.2461492254125727 0.2584756328861303 0.2590034231586101 0.7924648401410147 0.2083351478510619 0.8315837702667235 0.2274489384363819
0 0.3123002585137842 0.2807851544286907 0.3518080919748999 0.7329625115020947 0.268130071644491 0.5657409870872468 0.2836373329888838
0 0.2878989583134598 0.2005890861764103 0.4147045186046817 0.4951505702889904 0.2416951308721903 0.8390382924660209 0.228806259889093
1 0.3433872383859582 0.3152972187923876 0.3573689565419705 0.7685276045053777 0.2937202048572268 0.6910546502054452 0.30079720452268
0 0.267231529142421 0.2533535715501254 0.299485182237197 0.7487278351910641 0.2281385475924118 0.7327747253150102 0.2548151746854613
1 0.3049326585900982 0.2639573745417723 0.3648045213668398 0.696222110543885 0.2721082030165266 0.6645723630307504 0.2961293077478533
0 0.1744999122388629 0.1477457658992304 0.2610815154345189 0.6096984093125616 0.1519472179246106 0.7290729069746794 0.169250534546219
1 0.2774841762854144 0.3005818533777372 0.2622343982458895 0.8300094952546369 0.2402752195748934 0.7272865571055632 0.2601675039291781
1 0.1860973251931698 0.2902289154997983 0.1246188058921794 0.913726629442984 0.1693550131308563 0.5584033119780504 0.2687938541256249
1 0.2874554717161117 0.3164253583221239 0.2721000811186668 0.8358719229624116 0.2639893247328208 0.6610488261471839 0.2924474169893475
0 0.1964787265095869 0.1511991024007644 0.3036836655732755 0.5471560728573379 0.1664398321154563 0.834135410861271 0.180169228485976
1 0.4419461738052084 0.3475084994918288 0.4713368620883056 0.7056569726070615 0.3838885384682519 0.6490962615428678 0.372870877465929
1 0.2462827482590861 0.2586975010914086 0.2747681417316382 0.7785838147763361 0.2189805163481144 0.6023162264027117 0.2465803410242755
1 0.6441760621959364 0.4770530237873469 0.5825047704280415 0.754789771469826 0.5449969096866843 0.8896860286116438 0.4471863914053107
1 0.2007705322903749 0.2578478522738689 0.1839953038001628 0.85300930856965 0.1767361721371956 0.5088625048374288 0.2338401813363198
0 0.1117918611084613 0.1382614873095859 0.1338806273533664 0.7676450934137202 0.1020639095835416 0.6178134277811274 0.1486944735093778
1 0.3404640417819327 0.3004924740025911 0.3835274818353676 0.7278315934886688 0.2998599330365997 0.8972620238572816 0.3029606460160515
0 0.1643092578460364 0.1438576040400349 0.2417248416294193 0.6309358931139811 0.1369707233475352 0.7032775764960383 0.1429361983740635
1 0.6567224410951064 0.6097259206654495 0.4547645324040195 0.9000227106803733 0.5605405755361437 0.8426087626162363 0.5138351073446166
0 0.2680278975484117 0.2178804928166932 0.3503346123279029 0.6340794464686673 0.2334136370488499 0.6988536064472388 0.2734227916383434
0 0.4257565286654583 0.3661187302997885 0.4167061077575881 0.7724351833342414 0.3656874967272034 0.662939073501197 0.3472813759604056
1 0.8721806286368406 0.582451699360032 0.722543371370884 0.7525019508346076 0.7404925181888146 0.8600981798888112 0.5465363576098088
0 0.1012626309262615 0.0671155684389783 0.2082298751960608 0.4521411778340513 0.0886183808186355 0.8379450701605798 0.0967920787673325
1 0.341832650958695 0.4180635728121851 0.2523706136381882 0.9089594989326923 0.3045480200572838 0.5189738554682903 0.3755508899161439
1 0.2448330716397977 0.3012273019141154 0.2084274513751434 0.8683729957944638 0.2085453581827847 0.6113416469731908 0.2485764019841448
1 0.3935536792902795 0.3064118098077925 0.4499931682717333 0.6696495368843999 0.3357067439443347 0.8431994278825761 0.3169287439282351
1 0.388990059143375 0.353557354251267 0.3755061657017144 0.7919886711657442 0.333180253730988 0.8632561740614426 0.320806873932916
1 0.4915356052656682 0.4669886067224934 0.3956164556181863 0.8610867342142019 0.4267278175802728 0.8138726252937264 0.4234962741722026
1 0.3442599055613851 0.3259301902357716 0.3391529874520891 0.7940737217093256 0.2940771657978879 0.87172163667377 0.2938523553179687
0 0.1673612086234856 0.191483904043392 0.1848144275535118 0.7849207603247396 0.1431778774823665 0.6273405978233945 0.1787705428784338
0 0.1892446494324143 0.2016820551821274 0.2138082004745609 0.7681736357930443 0.1600859273716865 0.5805396229894823 0.1842960243981874
1 0.3200064342268434 0.2576617193639662 0.3973664182332303 0.6490986219240811 0.2771135886511318 0.8039521568030864 0.2817302530597557
1 0.2868403128875322 0.2397845489495585 0.3618152994296247 0.6603571320449966 0.2468393346503859 0.7091023291059189 0.2448290981435805
1 0.2431926480969188 0.2024444962539549 0.3296061775447194 0.6308785956450189 0.2096678020295305 0.806551867403055 0.2197754067366822
0 0.2959580158351617 0.2375870505517371 0.3734916371961566 0.642030407913241 0.2496712247796317 0.7104926791262208 0.2410437969979973
1 0.4356133759420013 0.4476405510481478 0.387688342636133 0.8541128435109423 0.4014946453081983 0.4889450837703721 0.4181905998473069
0 0.2702024124773443 0.2222841285799252 0.3575604116910253 0.6332355243332207 0.2312837701029046 0.6727486441272416 0.2344717061653098
1 0.528435597634265 0.4222523847882714 0.4956308031729678 0.7665131045164163 0.4505133149263323 0.7682416070213411 0.4050627714524465
0 0.2577084889821616 0.1640783365365623 0.4220800844277655 0.3509973867469936 0.2195278564571283 0.9062340001496492 0.2185493924266325
0 0.1617341743775636 0.134345626000176 0.2584332173729946 0.5794379538983309 0.1367010195257023 0.7595416338835933 0.1451145502023159
1 0.5031044061814366 0.5022179794248718 0.3714665142030119 0.8909324989319521 0.4284531287934687 0.3444750856937763 0.4302285308602242
1 0.1952722522178765 0.1788332968414339 0.260383121110541 0.6774696137172002 0.1697238727695395 0.6783862122896254 0.1905420117776722
1 0.174032582276066 0.1559842909031122 0.2631826622516417 0.6259598688073649 0.1637110640357349 0.7076507049157301 0.2139175690426468
0 0.1058119450538968 0.1364921402760026 0.1221248619079671 0.7789148941660897 0.0953927062258507 0.6603141944514602 0.1226355369443767
1 0.4702577859391395 0.3968764549819851 0.5418292360030287 0.7036763428825166 0.4440761192964082 0.6315945442301018 0.4430187123168127
0 0.1650150214633215 0.1651289162064027 0.2180134591082159 0.7075396491357268 0.1416746752989154 0.8251498990385018 0.1730392025416141
0 0.2740078136029762 0.2217541275231521 0.3616595008580663 0.6267746116611181 0.2334810630043081 0.8023536738636258 0.2390198392825443
0 0.2052149356100353 0.1787395387067658 0.3037725708095082 0.616726521777904 0.185886270916145 0.7591446487148781 0.221782530203076
1 0.3100065267576075 0.3304931030527045 0.2792060514232361 0.8418895589564488 0.2685623910059584 0.5787899077092956 0.3043694321730292
1 0.4637580845177907 0.3603643121358068 0.5132787974693401 0.6833909134211471 0.4179822745340728 0.57811955003269 0.3898263331182929
1 0.431531391777163 0.3406721764767454 0.4629918705334924 0.7046388174632027 0.3745401280556018 0.7962273716689497 0.3523436751417607
1 0.1720440455976342 0.1893473598801223 0.1993602778083365 0.7669089057762111 0.1515386959591872 0.7848808139154474 0.1866763872151496
0 0.2317859820662024 0.1732539882455353 0.3432176322006259 0.5404912067532729 0.1952941748189052 0.8227723265060417 0.1918541212471959
0 0.1913619402842697 0.181087858783498 0.2491137142390562 0.6961397510351889 0.1633501368623997 0.6981348364268947 0.1783059176044016
0 0.1940705465992559 0.1665488126800262 0.2720165230352821 0.6364172656775612 0.1641592483278985 0.8401893238631221 0.1698200131429624
0 0.1476427453973099 0.0935628362100384 0.281838201897767 0.3818863458291017 0.1271741286427217 0.7635208186788526 0.1426726221316518
1 0.2751189144328913 0.2785733891730754 0.2867203583945566 0.7897128338887542 0.2486519029824102 0.6715061337871598 0.2978685261649346
1 0.1043718057807879 0.1742211665135277 0.0827009694136679 0.8623337646544569 0.1008383436872714 0.7274900816242935 0.154719210758371
0 0.1336323838595821 0.0988492895443651 0.2433516484892718 0.496599185850611 0.1151961059672006 0.7372046116721692 0.1384255815833036
1 0.6067896651721835 0.5669491932286187 0.4409836184372808 0.888503598376783 0.5250269281730258 0.5154923669469185 0.5469216214239909
1 0.2378421968902032 0.2152399301885851 0.2994919262699062 0.6929808647845755 0.2053565071128777 0.6328119036762264 0.2205541110003036
1 0.670351308785653 0.5173411859426305 0.5651185692013172 0.7980315501234492 0.573783826434675 0.8770291336416589 0.4916918171107709
1 0.1380767871792425 0.2195592125105275 0.1108553884910762 0.877623949493618 0.1289747982767238 0.538213979924382 0.1938934702760744
0 0.4065292387675284 0.3052436863058476 0.4681786460844339 0.6482542368841543 0.3412396385245836 0.8176336396347985 0.3049446825123071
1 0.2970738853381665 0.2333788278803678 0.383722964128827 0.6208142454269722 0.2522373773197185 0.7985211042307586 0.2441696765590069
1 0.5194847982447772 0.4861437711470683 0.4150738762998029 0.8615640213319841 0.444294262093479 0.7957734815328489 0.4226112736502366
0 0.2019627005628159 0.1922370000214793 0.2568801735143142 0.7057007887980166 0.1784337197216734 0.7838316918076298 0.1953383298238929
1 0.6125740656300678 0.4030161673171667 0.6471266703897509 0.614268031194813 0.5273075119605837 0.7884163260566986 0.4633169688537768
0 0.0933370962510731 0.119282654893504 0.1136985811239171 0.7627554073124045 0.0804598402081895 0.606481645437189 0.1091436077912943
1 0.3887945435466947 0.3319989124051133 0.4158629287004306 0.7367023575446102 0.3299914026610811 0.7377228394672035 0.3202470149070636
0 0.0581919755795096 0.0089081871583004 0.1849388568500961 0.1569340719942004 0.0506099731035631 0.9097439620022394 0.0554260000221294
0 0.0888926929314127 0.1733871947330528 0.0517056581092678 0.8873154431925914 0.0887492664968779 0.5813901559559808 0.1357821235024744
1 0.2182858685490794 0.2482255498615848 0.2165859187381279 0.8184856626293072 0.1884563896889058 0.7585081671703742 0.2243038197335904
0 0.2679039120480778 0.2018565836537359 0.3732683584276305 0.5661941768583437 0.2248584731710026 0.7283668736953287 0.2109484884871594
0 0.0636997929981875 0.0847982779305294 0.0777326592758215 0.75144019465258 0.0556034600401463 0.8801445659446192 0.0725435454440055
1 0.2842556920728799 0.3709718656290481 0.2058668529880334 0.9102243935740062 0.2483504692991851 0.548184142332975 0.3018115882731293
0 0.1353920242297052 0.1735894575077077 0.1426276547002066 0.805722254933763 0.1232832543895143 0.7252412963279966 0.1665156905419259
0 0.1166177582753028 0.1211812288430958 0.1679711783265964 0.6924379739963169 0.1019925173954093 0.6543150687472737 0.1387896823415255
0 0.24499043785176 0.2052686743550644 0.3283039981069013 0.6383701195033611 0.2105443394504875 0.8018450095967186 0.2106079556776202
1 0.2922813688829533 0.2768490240596401 0.3287925885334236 0.7499873249335904 0.2496117312895215 0.7021165909540118 0.2720967337910278
0 0.1229314814461509 0.1189348075638179 0.1931812660798851 0.6490538408054776 0.1087430454065805 0.7247056860854416 0.1328337250244025
1 0.2955812906610702 0.2788010688613576 0.3316288601571951 0.749710812854334 0.2569532279691206 0.5632468198294712 0.286367848186276
0 0.0963318229514452 0.068604154921092 0.2096485211415879 0.4550595623880723 0.0910695126111759 0.7335262391176368 0.1134425940224537
1 0.411069015548984 0.3440709338320078 0.4309245250704767 0.7375246535651253 0.3490848467537825 0.778925847659747 0.329161471251694
1 0.507772937136316 0.4338705303513404 0.4559641243538077 0.8035327623818551 0.4316697434920937 0.7998937579934152 0.3979034058168673
0 0.197570752647143 0.1718627593275571 0.278534649005945 0.6384460374680256 0.1690337482842612 0.6975186472056104 0.1863834712815206
0 0.2798780501764761 0.2944006231570441 0.2912622822847448 0.8018887554912065 0.2403386792976777 0.5315181430765685 0.2694239360189812
0 0.3417229714776304 0.2985413671177921 0.3710990662463127 0.7370625167893909 0.2913087353914264 0.6394576625727176 0.2856054971931693
0 0.1844998197080988 0.2177516944998236 0.1891806001499865 0.81124650320983 0.1580314188465474 0.8515947989188637 0.1901798349336285
0 0.1450676619288371 0.1401253493932452 0.2388612918389811 0.6266365406202873 0.1324968128912479 0.6776144390809247 0.1724591424168907
1 0.3433967757321377 0.3607588254641195 0.3121427495137013 0.8423222686987966 0.2982734399669943 0.7211324026164884 0.3185934106709116
1 0.4341398559572641 0.5015607035993774 0.310230146484116 0.9175726892444236 0.3947361848316791 0.3213790687096967 0.4146443450383633
1 0.3236401631212439 0.2945960207011751 0.3587917337525156 0.7436547199296594 0.2828487610977555 0.7375557278952871 0.290520616939893
0 0.0982154488219021 0.0331439096741497 0.2630037007157506 0.0001 0.083525738065202 0.7954314548309571 0.0920251004123292
1 0.7726441152341887 0.5637390241587975 0.6271302124139401 0.7946577800273423 0.6492136394290656 0.7332537487892572 0.5115745081852465
1 0.3781699399026996 0.4160578157798061 0.3007505267848966 0.8834591294049416 0.3366150112266838 0.6748785897488715 0.3750088270964396
1 0.2285528217113421 0.2846449718659326 0.2120969397498439 0.853680283723567 0.1984830258888122 0.6026548779999089 0.2543096662351426
1 0.4180360469331298 0.4314026499016941 0.3488132191280045 0.8660357796653502 0.3596151945032886 0.6194595264693953 0.3851247678453479
0 0.1238422980062959 0.1248121102057646 0.1791853777523693 0.6835075767597233 0.1103810995009481 0.7961348613220637 0.1345200358015836
1 0.7029833387389106 0.7711307803156047 0.5980988416252714 0.9039294582371076 0.7688074532485977 0.2570311922940559 0.8037261669069635
1 0.437339635600496 0.3505733619223242 0.4901166844590217 0.6921789593804153 0.3854829640032053 0.7220288484181123 0.3849241997922719
1 0.9521941944099972 0.6665460101025247 0.7074030494907384 0.8164879168486199 0.8054673418545054 0.7996163037594313 0.5940214453987364
0 0.2081905876180482 0.190809055264509 0.2695771895959623 0.68753307561503 0.1766370163203452 0.74882646648936 0.1909027456860823
0 0.0281779471525326 0.0507048169394309 0.0364839121880713 0.7466762881741947 0.0294540880203746 0.61134334549792 0.0522799193622488
1 0.3717036191929791 0.360058362056287 0.3521428781842112 0.8146562494597483 0.3272190060219456 0.6303254916980288 0.3483010504748449
0 0.2946227873700277 0.2838218691160392 0.3141705650142906 0.7714888631419402 0.2601460452717016 0.7382438081632545 0.2744544906163962
0 0.0984348077840312 0.0924143246169383 0.1960557055097329 0.5725758481072089 0.0898280817842096 0.692288009578962 0.1162592043793197
1 0.2350286797672422 0.2583881603107204 0.2522078260779861 0.7983201058689122 0.209814552638469 0.4669993762006597 0.258883291215238
1 0.2901068539540208 0.2749602136969017 0.3161862316757598 0.7594648019179974 0.2566597267512436 0.7139412790298684 0.2794210750673865
1 0.3800011103691691 0.3431607744085294 0.3826596502867485 0.7765364485692948 0.3245378327343123 0.6377007932994851 0.3263020538043633
1 0.1682100324334637 0.1862074226355242 0.214702727343876 0.745581783130153 0.158773104356588 0.7283683001049849 0.2008859363566958
1 0.6957015749308404 0.396235040175048 0.7707415384006562 0.4596094700812901 0.5876497758630266 0.7068503574298971 0.4522871688702296
0 0.2490247352857006 0.2218858350797633 0.3105516672109195 0.6909364487786217 0.213606271074826 0.7111290750861453 0.231817185577956
0 0.2286338891538681 0.2154852749505666 0.275147342410191 0.7214559774867866 0.193200003967026 0.6806297023143822 0.2056923549523519
0 0.0393366421825813 0.0374698659895155 0.0783774145604695 0.6387725627904657 0.0367360912098636 0.8958687178772762 0.0486119769815349
0 0.0390982085280931 0.046645750007514 0.0689332457790217 0.6824678737383097 0.0383939764676013 0.6621612501210771 0.0637522196067791
1 0.5565183134598874 0.5664056953154674 0.3779425811823431 0.9141846343072508 0.4861935440617586 0.7734786261853449 0.4827648553239821
0 0.1579812286559191 0.1855196596515107 0.178071671254178 0.7842815528057347 0.1403340886550988 0.5492613098491143 0.1825654635949081
1 0.7358156529619383 0.6023204979351439 0.5417635037703061 0.8601068387775928 0.6180985441014288 0.8768964029314148 0.511337385762785
1 0.2491916388438424 0.303945903013129 0.2378003346221466 0.8503297468685087 0.2255842937503471 0.5955865595068006 0.2819856526669101
1 0.6034372879900791 0.477613936067023 0.530332609842375 0.7897570168174136 0.5135724482104745 0.7491882259229911 0.4526729136629561
1 0.1159978307736335 0.143979379316903 0.1307550082724782 0.7797183349787717 0.1029761430985647 0.7574012557211839 0.1445595009619089
1 0.2553861451874463 0.1962064899924923 0.3589912503612205 0.5743715947604108 0.2239740032846976 0.7463719753647965 0.2530394018989945
1 0.2792676600209863 0.2637129162596301 0.3108173982197075 0.7508271933949463 0.2425558033624513 0.7132727252128589 0.2680786390298839
0 0.1029793532385767 0.1531920192093029 0.095976793422006 0.828618684074983 0.0886937392394417 0.5153113445891375 0.1311445283759541
0 0.1205662195936277 0.1315838685438523 0.1602393625323935 0.7232484169808693 0.1045031426780599 0.848129872110841 0.1233233362630786
1 0.1773754221119908 0.2363085542202696 0.1578563379799902 0.855189859241356 0.1530181007465943 0.5452135783891968 0.1981106901546607
0 0.0822260879519221 0.070737848407743 0.162335985696069 0.5714306680621702 0.0746850054348257 0.6436781454088857 0.1064409893494859
1 0.2178709939902699 0.1803521039680317 0.3041795120305666 0.6197259292854322 0.1857871150992946 0.7637604840293236 0.1964027353429749
0 0.2996203567681007 0.3209755769343306 0.2726710765573127 0.8390733996850752 0.2545655558993645 0.6114826903600173 0.2762807661500405
0 0.0883872135838977 0.1017702568104499 0.136596679824825 0.6987348245190043 0.0806303882131721 0.5901630822669868 0.1277618062721565
0 0.0784111494801106 0.1062174130070442 0.0900931853562947 0.7716901369437437 0.0702983520973666 0.6970399221801532 0.1009241654435341
1 0.4397955022417247 0.3987222249475793 0.4155712165867278 0.8024184176429876 0.3866014416172772 0.7686309949127788 0.3911028501755201
0 0.0864511323094534 0.0597218346229759 0.1763684458872489 0.4999957702918114 0.0730628162711541 0.8211980091406372 0.0803123108955254
1 0.3860048697891824 0.3093739547231919 0.4349567903159343 0.6894966561111919 0.3370314656574552 0.767788432284545 0.3307155129291246
1 0.1725781369836878 0.1492987376116026 0.2517228589340932 0.6281042819606697 0.1470171907108117 0.7790247373495118 0.1622994326204286
1 0.2420004798244777 0.2718722450048478 0.2324833239747711 0.8277301421855228 0.2050947357563928 0.662988133215472 0.2318619165825989
0 0.1411621186683201 0.0976942670794608 0.2601970171300051 0.4540672565475522 0.1219109378843056 0.8153115851606424 0.1321622789762152
1 0.5851494266908328 0.4843253898066177 0.5260760251959197 0.7975314861493168 0.503200749767929 0.6810460822654721 0.4515137553705983
0 0.3793716455213202 0.29451375557939 0.4398541725163757 0.6620774855759375 0.3256166480216441 0.76035840044181 0.3058999059017771
0 0.2808460908136983 0.2407890233756311 0.3421870638613601 0.685154481693208 0.2374353969802997 0.6736432180405012 0.2588313455324271
1 0.5380778546217685 0.4294148090388827 0.5007449822751796 0.7693533348207495 0.4645022175675783 0.6965370535254041 0.4605224835099599
0 0.2197689258799962 0.2233808276160563 0.2757124525960671 0.7324963503912858 0.189388454367299 0.8163955818873213 0.2321375172886241
1 0.3843310655346751 0.3526084345916341 0.379468632847503 0.7881118803746361 0.3326805084140623 0.6972971565086383 0.3506924757983315
0 0.1621538176094629 0.1559914883368382 0.2244357072035203 0.6820759305591633 0.1402071692095303 0.6971310697571983 0.1744273066211762
0 0.2906409453400744 0.2136007246663311 0.3973759267686295 0.5579691335830338 0.2449514078975555 0.776521144815622 0.2343168310739657
0 0.2484572631880187 0.2337138075185541 0.2934703733061623 0.7282774324408275 0.2106315965693158 0.7499290635979583 0.2317402290108285
0 0.0135905761709434 0.0257171603793146 0.0188437473029284 0.7204362396659908 0.0166669538793548 0.5321215758065714 0.030848958352877
1 0.5581682743489459 0.3971561452016871 0.5700667407488051 0.6792617288521577 0.4709830417569164 0.8576746550206503 0.3996628253328196
0 0.0769471668415529 0.0452961345935975 0.1783790209646497 0.4305364070368266 0.0674267996413808 0.9754638031149492 0.082517116543728
0 0.246487801201946 0.1939550677852932 0.3417233198258449 0.5951185530278983 0.2107704147129063 0.7734575372671938 0.2291463117200875
1 0.6814909291233426 0.55783580072715 0.5300997602955483 0.8426362026933917 0.5876696070263966 0.6621353618830511 0.5129236530027002
1 0.3643455566154727 0.3149912683241745 0.3904864401434881 0.7392520777990035 0.3068325700775157 0.8895682708138393 0.295781560260146
1 0.4711447591338357 0.3892024790018031 0.4603119568068909 0.7614336047590675 0.399979544426725 0.7662854880693948 0.3702658976686636
1 0.2786525011924067 0.2789280971985304 0.2917266622304554 0.7857825156922834 0.2388949706043367 0.6086414951886467 0.2651273546805446
0 0.4105063121243918 0.3274852576528209 0.444461883424513 0.7049207474808094 0.3456262918620427 0.6809072552998043 0.3267392633013563
1 0.5627986559191072 0.3157798074298449 0.7275081726727263 0.2990806803415376 0.4767975388570205 0.8129432711240906 0.3862969125584084
1 0.5008154430983497 0.3710015614080207 0.5238627619901788 0.6875403631006992 0.4228528082577615 0.7447463160296667 0.3728102741693161
0 0.2581948936373175 0.2010410262180668 0.3538325664371685 0.5934722120555056 0.2207811859821166 0.7719878371749437 0.2195382843142207
0 0.1834077935705428 0.217278651780975 0.187790494439173 0.8120026136693778 0.1599629741587921 0.6311281938570332 0.2059410208598826
0 0.1895879938948774 0.2031639304858259 0.2157354452144926 0.7681224506191524 0.1614701425749173 0.8438331685260636 0.1921446322881022
1 0.3151996117523609 0.2690631299349628 0.3716774708848951 0.6964983373827048 0.2686655130554828 0.7414958027322439 0.2709563336619074
1 0.4731142211199085 0.2777966926451239 0.652116885439554 0.3076489379497477 0.4053220598386214 0.6988082093140663 0.3629805156544132
0 0.235558002480206 0.2146556250508282 0.2921859970591483 0.7006344475894953 0.2038414062314045 0.6721737220345555 0.2138002102777773
0 0.130113103119336 0.1493419202704923 0.1742711621456844 0.7358514690227287 0.119396346368981 0.6664482124251392 0.1428856956268861
0 0.10837749117619 0.135243736579361 0.1243874584931623 0.7744129981431633 0.0922276525519878 0.8016367801205986 0.115203937452584
0 0.124810338643518 0.1362954687248182 0.16430385153026 0.7262786923934755 0.1068749498171201 0.7584120161871496 0.1323522655013111
1 0.6849863664981398 0.6399880677463814 0.452879114033332 0.9115613187603198 0.5893988844722665 0.739793281861397 0.5591432862409251
1 0.3245748230468377 0.3136557425239097 0.3306364710973513 0.788933449439524 0.2864540665984338 0.7311509356737684 0.3078743228271416
1 0.2886381026423734 0.3260095472838949 0.250588408913382 0.8578356305454028 0.2508848919778798 0.7693408729147728 0.2807120214809501
1 0.1902079213965467 0.2506365977803696 0.1780668338047207 0.8515703520641856 0.1728730615127063 0.6285952633682252 0.2195849392330417
1 0.4000343060192693 0.3337727165846997 0.4192150505600376 0.7358219784214733 0.3391534001380525 0.7906532129019846 0.3243521667847704
0 0.3090670981589239 0.3118577351902893 0.3052721554735554 0.8072866878923222 0.262593210831568 0.8167685836235212 0.2701232788227524
0 0.0964796518172279 0.0444974862231709 0.2351468302430949 0.2403354042705787 0.0838945977038853 0.7932499060969107 0.0935069953080778
1 0.3766582705332443 0.4363516896004272 0.2745760538275579 0.9065471113538854 0.3246528534818588 0.6325710642808845 0.3712499797708063
0 0.1199987474959458 0.1339251245086582 0.1566338633023427 0.7321651732048109 0.1050504827870738 0.6624794865043762 0.1341593018931735
0 0.0767373452256033 0.0729091745313023 0.140543058758185 0.621215634139434 0.0661496727203484 0.6648448006916968 0.078638024581958
1 0.8020525221787657 0.7046656869639706 0.5105920763197936 0.9123442907192704 0.6811497449202231 0.4961827478123661 0.5995065247207481
0 0.091052901841076 0.0894924494928831 0.1545476011436654 0.6409062460135178 0.0847671688921683 0.5872745741845511 0.1107976930059908
0 0.1727879585996375 0.1614766628020889 0.2356819227141415 0.6773641888518266 0.1478738969683986 0.8054146743740973 0.1700768556857504
0 0.246993280549461 0.2186089243913706 0.314184243824084 0.6810833525177695 0.2246165329778878 0.6409834885932332 0.2445982284421982
0 0.2081047515024325 0.1992253786871178 0.2815968749825023 0.6873566747792993 0.1855451749061798 0.6970588714838197 0.2250935865037362
0 0.0630369474387103 0.0633475733142356 0.1069360318687696 0.6571301173385562 0.0547824498766254 0.6951722954888147 0.0690554890389521
1 0.2925531832490699 0.2784624203471686 0.3174101887096953 0.7624611060095753 0.2530702861812614 0.7802699842016576 0.2666510947096689
0 0.0674432013736525 0.078618664803504 0.1054439263920689 0.6969821328722777 0.0608111235411261 0.7530607591654781 0.0825671383123608
0 0.1737035438328722 0.2266735802770349 0.1549690567209311 0.8491999844765558 0.1540810511032299 0.7051980615402911 0.1958751018796071
0 0.1309953076409424 0.1488078885938244 0.1739919270087939 0.7353131306718387 0.1151366124770904 0.9602547408760824 0.1488185659738709
1 0.3841546246303539 0.3526073801962917 0.3754646651754934 0.7911458671728089 0.3294559612500892 0.7389348158627325 0.3253357679083687
0 0.0001 0.0001 0.0027038764214418 0.6827989335687193 0.0001 0.6546857926169762 0.0001
0 0.0667708184679958 0.092124960080276 0.0789714874870211 0.7627917730231549 0.060473993763835 0.527020969684202 0.0864221813469035
0 0.1257068491843937 0.1238309239497121 0.186702169563574 0.670192841678778 0.1062919136140401 0.8165187995423951 0.1368104556307154
0 0.1573231517695316 0.14610799957868 0.2202549298216397 0.6680457358557514 0.131953439014908 0.7864178164042398 0.1426163476419399
0 0.2279472002289421 0.1483549777258838 0.3795932643618083 0.3837502910257807 0.1920894588183022 0.875434370339687 0.188355002335618
0 0.1418583449394257 0.1187068877926445 0.2268207180789294 0.5920001643995032 0.1219030054189576 0.7339287938674415 0.1398386965471821
1 0.4799811103691691 0.3823804928093066 0.4948278163937672 0.7266823842187198 0.4157968803306913 0.6906024651775029 0.3864065756665651
0 0.2246854278355432 0.1410506419423057 0.398712768905357 0.302574313358947 0.1936759518879077 0.7162096061384584 0.2084045929650514
0 0.1201894944195363 0.1111564815567048 0.1854146903501664 0.6430337990121004 0.1016514213854442 0.7484321476094639 0.1226066782317039
1 0.4207971086521034 0.4323751948579976 0.3452119716331036 0.8685617336865645 0.3648307904696165 0.5443447369061388 0.3728651057233945
0 0.1449865944863111 0.0881404934975142 0.2862732487027339 0.3423922516251923 0.1250125318353842 0.7907907275707687 0.1352718052667103
0 0.1908898416483831 0.1373202687006236 0.3142749010402329 0.4836619542629378 0.1613035608026087 0.8449154798948715 0.1714971853277971
1 0.4596570256605933 0.3381226228852009 0.5153704259987196 0.6495545290486797 0.3924714659748173 0.8341250353768777 0.3554536824108003
0 0.1607518277210722 0.1618711099229773 0.2093980723426801 0.7128309814808701 0.1409171248581788 0.5830453990273847 0.1776767976681344
0 0.2258060660116378 0.2233050562635707 0.2635539007149865 0.7453205126698842 0.1931127468481977 0.8054976563044786 0.2188692431587561
0 0.2339509596489554 0.2411770123574387 0.2526246903090636 0.7788656192881506 0.1996411658296241 0.6575598412944487 0.2177610685921203
0 0.2166025269483926 0.1776307765742535 0.3032626652010077 0.6149844573748733 0.181812949959933 0.8039406204406806 0.1851300411944316
1 0.4921650701135171 0.4874834200762319 0.3802615242296624 0.8797617320292307 0.4357351319829576 0.6455965522839927 0.4281035676504164
1 0.3688853333969283 0.247917105796326 0.4987084682574103 0.487821917090011 0.3214838335753219 0.7562368226567419 0.3093278399887621
1 0.5170098569111896 0.4609054965526145 0.4502131676711729 0.8267122543527016 0.4509297693571037 0.6578579609126397 0.4250863892404743
1 0.3784512916149957 0.3499785650456098 0.370046170489128 0.7928166997040625 0.3293687041312609 0.7689629423845906 0.3354978825975535
1 0.2832971887818372 0.2471170616282804 0.345413638059993 0.6916132868459703 0.2549463142360698 0.6975372058924786 0.2841216783832425
0 0.0781536411332633 0.0922965400541203 0.1162117099766113 0.7097547986574221 0.0684104253445362 0.6836239292971226 0.0893143053352634
0 0.0438382695793189 0.0504819408524411 0.072589129060176 0.6856703267982392 0.0412575964582391 0.6240583436194017 0.0632481540920941
0 0.3169497147763045 0.3081113599639486 0.327779492378933 0.7857080076303484 0.275439838462698 0.7254057569724286 0.3048903319367733
0 0.1254970275684441 0.1291595534864259 0.1871268755397279 0.6809111064127414 0.1126259871944398 0.7650647359627644 0.1487911501968317
1 0.2951139606982734 0.269406121837584 0.3367158408324943 0.7328857361861749 0.2540221820230246 0.781198691000757 0.2634083373623345
0 0.1341474005532767 0.1644825550181699 0.1471603703698241 0.7895850315036419 0.1140736621204547 0.6832835045629985 0.1456864336917821
1 0.4899380997805971 0.5071696544641386 0.3565477773387066 0.89986726768198 0.4239395560104412 0.5303454302526897 0.4302848053499362
0 0.2027495316226271 0.2042410400277588 0.2572343221421351 0.7245316175384324 0.1754907750775553 0.6978432695152176 0.1981645597516499
0 0.1597074883144138 0.1234224926806191 0.2630552435747881 0.5391596717962386 0.1367684454811605 0.6815026672185854 0.1482288862782565
0 0.2526727701993704 0.2374363159401243 0.2918956887093142 0.7351823112578793 0.2156052523425289 0.6681357516056408 0.231180369984976
0 0.2267454946103214 0.2450914808492115 0.2463320517260089 0.7891640492181025 0.2014775315576924 0.6582570242505006 0.2463715963359422
0 0.3045702394352761 0.2824032677684714 0.3306352414415065 0.7549798067984267 0.2581510302366728 0.6043151222830156 0.2697461916438276
1 0.4287321806734713 0.3704502030799481 0.4242709654303609 0.7708100756599505 0.3714742301985893 0.5375361676114642 0.3721749015119698
0 0.2175038061623581 0.1768699799341888 0.32328164506795 0.5825877646132239 0.1876155483620149 0.593412897720916 0.1996079763638348
1 0.4562092750166937 0.379841560521151 0.4648420379094605 0.74842244699995 0.3948432731138774 0.7172737691874838 0.3845124821581399
1 0.3443791223886291 0.3851097961894786 0.2818564080898453 0.8765834233498015 0.2979323439570291 0.7596671974339331 0.3270004346510452
0 0.1514576838691214 0.1115448929185586 0.2723941894406569 0.4799695738590205 0.1341745293123556 0.6886596096408849 0.1602413254283129
0 0.7416811208623486 0.8012320070771529 0.514908160590655 0.9373849520898612 0.7745346932298732 0.1632216056587377 0.7862512544264889
0 0.1483198969760564 0.1292911354951031 0.2335944980186927 0.6084452209387664 0.1292326034005347 0.6713465031852722 0.151522627351313
1 0.6814575484117142 0.5037828815596472 0.6017491439841554 0.7648665923997615 0.5846751013575163 0.8260685726915258 0.4918438063308475
1 0.4687031985118763 0.4105474217275572 0.4296688499718523 0.80246391104771 0.3974609866787264 0.6138381996268073 0.3759606836360977
1 0.2675891796241533 0.2702039000532896 0.2840391499008725 0.7830871826399154 0.2318945699347027 0.6456188240249203 0.2614137193380988
0 0.2953523943527616 0.2168361267978516 0.4030100492228199 0.5572780139345102 0.2518209228889471 0.7865777915389217 0.242073572061872
0 0.1488921377468282 0.1533814802407537 0.1992269807627205 0.7109454166890408 0.127554886979427 0.6145467258313424 0.1503466348098961
1 0.4454940665839931 0.4362804926497548 0.371891011937938 0.8560959067438978 0.3925349256976015 0.5791284824998187 0.4043672764770318
0 0.2324392902795001 0.2476758305235688 0.2492112038326774 0.7894247361579353 0.2059197121525876 0.716823115904065 0.229036648611931
0 0.1419298750357721 0.1431289756569862 0.1914673601752751 0.7024530216273533 0.1219268028150017 0.8132532014142365 0.1404317430926083
1 0.2384430496995134 0.2102830155637144 0.306649588013342 0.6757744461018399 0.2046267203008592 0.7796671966477143 0.2210302797594049
0 0.1989822798817132 0.1652691658164083 0.2848975922368897 0.6142895611429688 0.1676495330810304 0.8358345039599894 0.1703168639794793
1 0.68801924258323 0.6556083529989064 0.4467072556492039 0.918866518675628 0.5876537420957005 0.8244760301996651 0.5455017727604887
0 0.2433977010397786 0.1916129240450035 0.3464901568626801 0.5824400964541601 0.210100121390998 0.7712287370674212 0.2192472922947698
1 0.3045750081083659 0.2126532363049713 0.435000226969273 0.4950563985663276 0.2613755774006458 0.6960491709499526 0.2525954587023778
1 0.2481425307640942 0.3160167021291781 0.2048105324371032 0.880512341423215 0.2164222962733757 0.5300054861088964 0.2612376811907947
1 0.6449104378517599 0.5248201403746614 0.5366517859876195 0.819422587816599 0.5604176223232491 0.7535278776052851 0.5101719747493478
1 0.2862346914051321 0.2308545228982542 0.3708596091995929 0.6326175501123178 0.2478943525416736 0.7256898078024543 0.2586952286043203
1 0.5321551626442812 0.4324128785432919 0.4865669884281676 0.7818821412218759 0.449549520386547 0.7512382092137587 0.4038704256405149
0 0.1591543222360011 0.1553906248647546 0.2257548230208612 0.6790792695095534 0.137180933679258 0.7351690482857897 0.1584184167444805
1 0.4240445750262329 0.4600165321857676 0.3387152273898252 0.8865787861308208 0.3749803798824174 0.5917995055088313 0.4025919846691096
1 0.3603303338738911 0.3104720859645473 0.4111465049717308 0.7143974844700265 0.3150585366434199 0.6723488961127455 0.3326658809272619
1 0.3655043441762854 0.2958488461727299 0.4258165174810144 0.6791748869937435 0.3169900919556645 0.566214109614469 0.3113801754383433
0 0.2004653372126299 0.159958825206131 0.2983478980132196 0.5800070118292722 0.1725042018740231 0.8014568791402551 0.1820070475046892
0 0.2189677888009157 0.1693496348489181 0.3235837242101574 0.5629164822610706 0.184446528455478 0.7969559729435415 0.1886339698914551
1 0.8428723638271488 0.5947662977935254 0.6770515294230987 0.7879340451869956 0.726329101309912 0.7404344837246257 0.5815193700903314
1 0.4061048268625393 0.3744884837310142 0.3783546532836796 0.808193776929944 0.3507110021501281 0.6800425745439903 0.356864392481956
1 0.3282991567299437 0.2908102911857622 0.360293351493453 0.7375875922749512 0.2785334999484286 0.739620210091593 0.2769305681637232
1 0.2369647610416865 0.2581070529152682 0.2442956937457435 0.8048520336300604 0.2095686462126802 0.6707431165392733 0.2460344303762149
0 0.0900371744729562 0.1220988625794902 0.1003112757766554 0.7835821318455329 0.0783656693563103 0.6535736078410104 0.1073808214255303
1 0.6319014976628827 0.5031263946519754 0.529601982300478 0.8089358503001194 0.5385636802894342 0.5738824769549797 0.473877814756391
1 0.2700593522846513 0.2566415787842412 0.3085281275395064 0.7440540679505405 0.2293204849292679 0.7673427516846358 0.2460498216896403
1 0.5090557101974627 0.3810847841022626 0.5210519049748691 0.70272643355055 0.4271522044763922 0.8015555713271442 0.3725029288793508
0 0.1828880082037584 0.2358247524710416 0.1623049305039383 0.8513025129241478 0.1579996889851553 0.7530493961667075 0.1944105222114621
0 0.1059359305542306 0.1052834290167998 0.1704408372532489 0.6533961472490348 0.0915771903934496 0.6319320568940503 0.1167401829238665
1 0.6872991729466755 0.5045775158944261 0.5983487029888701 0.7677251449197976 0.5789914899356549 0.7906963321686598 0.4755246852929192
0 0.1519345511780978 0.1669809815781518 0.1833411352088864 0.7527903305459724 0.131652005331683 0.5928844985277933 0.1609498068244303
1 0.3161581150434036 0.3367376771943211 0.2851241759026969 0.842577009597985 0.2761577265766945 0.7027185863019764 0.3009467888500342
1 0.1333271887818372 0.1627994534552672 0.1535639461683739 0.7803914143921383 0.1186546608589405 0.7161261128950773 0.1518083286067738
1 0.6184538395497472 0.4989858097963492 0.5215544185934519 0.810783900269725 0.5297586437531241 0.8366364292743501 0.454922931294346
1 0.4464525698750357 0.3340010969574265 0.492127533749389 0.6672238734007001 0.3817943676163727 0.8880096944276124 0.3547370243794255
0 0.372008814270724 0.3046293929621966 0.4139501856960256 0.7038553157720129 0.3151378612969002 0.761828366065704 0.2940543663066783
1 0.1724970695411619 0.1797105121760814 0.2199612830149877 0.7295373557488175 0.1560641674402367 0.753982487529643 0.2104881920200281
1 0.6737561413717448 0.4955115310183891 0.5908284947020955 0.7651201010602637 0.5669579400026976 0.8200915014751037 0.4594777981112042
0 0.2464305771248688 0.2113718902038363 0.3266182822131218 0.6524811529764556 0.2140980839264037 0.7617465011238077 0.2372887975007204
0 0.0671952303729848 0.0544229968724784 0.1293308749124498 0.5868254725737012 0.0569480129166369 0.6973291256407532 0.0658728540096859
0 0.1068419784412859 0.1113899462968468 0.1532117353886723 0.6939615931232597 0.0917120423043661 0.6662405030399249 0.1149105405404105
0 0.1243763893923495 0.1331108802085009 0.1677528267864591 0.7159291131484294 0.1057326748070041 0.7131942880430908 0.1245411739378711
1 0.2254961022608032 0.2301564419211854 0.2506344543187403 0.7674429932296231 0.1927756170709066 0.6234229373683311 0.2131715713200546
0 0.2212472145378231 0.2100521169766997 0.2673220661746069 0.7219890087356104 0.1883136053126413 0.7063302643299275 0.2019508228543224
1 0.3958617170657254 0.3329977146299458 0.4179445008421451 0.7360350171688285 0.3394825974499956 0.7085957517860629 0.3357253854491242
0 0.1187779671849661 0.1034505860832149 0.1967605355202493 0.6035209816259316 0.1027342029054499 0.6752341234529714 0.120285475775721
0 0.2095639654679004 0.1920802359994891 0.2682427198603292 0.6914526785507563 0.1769146526075262 0.7161565897832438 0.1839117225410946
0 0.2062974244014118 0.241425391647967 0.2100138353427868 0.8173437131359566 0.1777594601670911 0.7865699243410473 0.2301125976160821
0 0.0073531517695316 0.0261764489268241 0.0001 0.7538987520634305 0.0098886622394655 0.6883561903622012 0.0288341392297704
1 0.5509294285986835 0.4696951097427294 0.4714104641758019 0.8201542865846084 0.4764128142876411 0.7772584296333066 0.4413492357886908
0 0.2680708156062196 0.2574781539028353 0.2920869060732758 0.7610372134590551 0.2261911273494712 0.8395445779205164 0.2385027873471566
1 0.9420464580749786 0.6556051528870165 0.7063872057567431 0.8107755011613256 0.7974357206896278 0.8574530875170047 0.6048020984962085
0 0.2280711857292759 0.2274114156381399 0.2643257677644858 0.7500933414691268 0.1961270836804481 0.7906811090859113 0.2078033697843679
1 0.7506939130020033 0.5126273781133186 0.6762058428661987 0.7222733885610815 0.6454417521560787 0.7751995433518065 0.5099377381981538
0 0.1360214890775541 0.1367344756449372 0.2091116170292266 0.6645259145063699 0.1229342259142011 0.7124014259162393 0.1626986448124024
1 0.3110079481064581 0.342173741816641 0.2744260421248283 0.8536278402318633 0.2762886122549369 0.6419592712999471 0.3133093803805206
1 0.8589857101974626 0.5275542938697567 0.7759203448523821 0.6638775841832295 0.7272968620823714 0.8547005053024437 0.537720982845355
1 0.3374931584470094 0.3534975066265234 0.3052943429166544 0.8415258122019483 0.2938590230008172 0.6485786635625588 0.3267152143741289
0 0.2426633253839549 0.179671156332236 0.3609537076601631 0.5280520538662933 0.2075498337816073 0.7559467940730172 0.2170112230411718
0 0.2557199523037298 0.1776179486590343 0.3884153004283497 0.4724395735106967 0.2151332706543212 0.7221729487105563 0.2176518864625081
1 0.5223936888295335 0.5364605071446583 0.3712088294516905 0.9055918851401802 0.4497161021588556 0.783243152988916 0.440760037071621
1 0.2560346847276543 0.2731706505955302 0.2673845614896226 0.8005636604482583 0.2242040447797903 0.6030125886245922 0.2545722805204651
1 0.3114371286845369 0.2600151682487135 0.3775048153834061 0.6760875031858355 0.26143903712343 0.7906629739329873 0.2617268363705988
1 0.5543437985309548 0.4700846454647186 0.4807910155490067 0.8148147176367152 0.4893466990375995 0.7504735483030528 0.4342971283685455
1 0.2444325031002575 0.3218557123921319 0.1837484464453495 0.8967353407274902 0.2151372368869953 0.6170802773569696 0.2823117561201128
1 0.2628252752074787 0.3310521439037341 0.2119274491741442 0.885423717207331 0.2341632550242385 0.7355073465722873 0.2887020370629616
0 0.2889242230277592 0.2336860457478483 0.3683153904478967 0.6412621054624595 0.244225587318211 0.7351658553226356 0.2336838633093421
1 0.1105615434513021 0.1001020957108197 0.1786611399270274 0.6265324963186272 0.0977050198748006 0.7966252390171757 0.1169426748911207
1 0.4860516312124392 0.5367832047225746 0.3290152204920756 0.9228292907140044 0.4084712485817882 0.3399331164547692 0.42191241182501
0 0.1548482104359439 0.1616097307852293 0.2040145679192492 0.7192019553983893 0.1322152103713929 0.6456789702339404 0.1540492076458173
1 0.389676748068301 0.4033330510799194 0.3299767307624814 0.8598765894372651 0.3414419163909583 0.767431180305428 0.3539275374889533
0 0.1019350138319183 0.1010639407181243 0.1599669078560854 0.6604426145289873 0.0871112124025103 0.7141973766195812 0.1101084507516553
0 0.1169086473337785 0.0799567602551358 0.2251927070914265 0.4648336731271074 0.0982285625877704 0.8483127729404158 0.1081710691742207
0 0.1646907516932176 0.1723719435262736 0.2272468794490082 0.708478024974382 0.1472908607653186 0.7994777664646473 0.1750386303512952
1 0.5437859563102165 0.3846970741351125 0.5868792913178131 0.6466625479794172 0.4676990011028332 0.688671336922737 0.4101024646422078
1 0.3819753410283316 0.3109824114963396 0.420287006126234 0.7062503607322735 0.3289522497004895 0.7693183356422012 0.3287463867677501
0 0.258914963273872 0.1742914826851957 0.3988795411585837 0.4409670304246694 0.2178184101746285 0.876356116259663 0.2052777514469525
0 0.2943366669846418 0.2214703100284893 0.3917271092530343 0.5846998966988305 0.2484456588833615 0.7953243994945284 0.2576582388622774
0 0.255677034245922 0.2534403223220882 0.2809948742607803 0.7666679216157943 0.219444565570974 0.8199134438549316 0.2325804985281517
1 0.3863911323094534 0.3197093640883419 0.4128049082788062 0.724626556965356 0.3307330881711216 0.6552219185614839 0.3186540139675245
0 0.2848756195745492 0.2030762219735865 0.4161451357207379 0.4998494272783187 0.2456772284769 0.8715021561171754 0.2503877671829079
0 0.3251899818754173 0.276078474068312 0.3783535587264824 0.6997731828355023 0.2761934226707606 0.674273473855474 0.278675558323339
0 0.3091290909090909 0.2666625245206518 0.3702316388463021 0.6944529026609059 0.268138004109839 0.5381156959101022 0.2695922785095727
1 0.2618381598778975 0.2315965970892953 0.3223622049753881 0.6930564567601697 0.2316645284396099 0.6226422677523274 0.2572041951162252
1 0.5963415024325098 0.495139950983119 0.4966057518865709 0.8226244068277866 0.5068496838280214 0.5762654764275638 0.4513502226654525
1 0.2500356939807307 0.2510780142102183 0.2715375019528923 0.7727547455301373 0.2164540261347678 0.5885376204347325 0.2383671513975943
1 0.7243517628541448 0.511010037625371 0.6398892422169103 0.7458113250741981 0.614290960734376 0.6658235152188737 0.4972490432144645
0 0.1583388791376514 0.1682357580309139 0.2033405535947683 0.7310567207183913 0.1363599235157371 0.6095100799179664 0.1653805811767954
1 0.3439547104836402 0.2931141404740282 0.3860895608577638 0.715724196418764 0.3004984964971159 0.6800355807477211 0.3058489221760551
0 0.1889442230277592 0.1889065840168222 0.2387429046931715 0.7219607568928226 0.1655236323677592 0.6370718673372073 0.2064936652075669
0 0.1942183754650386 0.1265006950649665 0.3365588490329641 0.392880407096312 0.1622911527384381 0.7876179053211398 0.1567253722676757
0 0.1161122789277878 0.0994990455798282 0.1998900738960906 0.5865345436278055 0.103662301351169 0.5931596902566146 0.1243636928549333
1 0.1144718553849089 0.1232041700060047 0.1622605814327685 0.7047021294305141 0.1054153761930831 0.6480541134810318 0.1453483057749657
0 0.2137794724792521 0.1912957775255841 0.2874219339905138 0.6654520087067971 0.1817455240044748 0.6824369106816279 0.194983848636562
1 0.6957397243155585 0.497645045446996 0.6182658055678925 0.7486202555379349 0.5871698617094709 0.8600745870730939 0.468102224393473
0 0.2381855413526662 0.2165011268180495 0.2937166899795508 0.7018388223598858 0.2022945754885392 0.7129889640537173 0.2187980583341632
1 0.2708366459982829 0.280174262540056 0.2958231501031513 0.7835697198116767 0.2411279595998064 0.549568134955162 0.2901704645594629
0 0.1282771639797767 0.1229439507290462 0.2013041307900988 0.6455358531446169 0.1110632915208784 0.6681709575904375 0.146373271053395
0 0.2074275999236859 0.1530464946426035 0.3393598584755039 0.4866065418184391 0.1809086489102579 0.699020781658971 0.2001620636471528
1 0.1079673852904702 0.0998406510134694 0.1877041560772475 0.6098424720325065 0.0974313498202937 0.6522878333988114 0.1302859816739381
1 0.6051492416293046 0.4838133795485245 0.5380225020307273 0.7896936804009218 0.5205252540880204 0.4701443154332204 0.4577164546810738
1 0.7833545549937995 0.5327690421017114 0.7458917360810667 0.6921419759203763 0.7276696879537287 0.5134524453304194 0.6019032408082249
0 0.2569645759801583 0.2245250602142466 0.3169423486897006 0.6877875818020877 0.2168942779615833 0.7136368810147129 0.2189615910393091
1 0.5367378574835449 0.4835456945099026 0.4403630587180948 0.8466717615714114 0.4602623148390577 0.8096438144196413 0.4290260844988572
0 0.3275933931126585 0.2883699188196651 0.381293232159008 0.7140625404798427 0.289420808638596 0.7230432670762275 0.3081075974212469
1 0.3183326299723362 0.2675629121947178 0.3786622987196414 0.6866971516214261 0.2740000960020311 0.7365470302371322 0.2765481902208085
0 0.2439890165029094 0.2359579229396471 0.2803039327354533 0.7451492347523951 0.2091918541086489 0.7711761815522498 0.2162041410434222
1 0.558187349041305 0.4598058171458689 0.5005377638962183 0.7949189168320923 0.4750960250398686 0.8230320998437153 0.4298947317503087
0 0.0773811160927215 0.1102885260624016 0.0993800537052081 0.7663942097826529 0.0739274549940891 0.4232248520408639 0.120820323917257
0 0.1786772698654965 0.253450026568432 0.1362283530098313 0.8840546674280729 0.1518758257364783 0.8916914355034102 0.1922408279970116
0 0.0395607698178002 0.002256276955729 0.1360538895991929 0.314049280222621 0.0343999801648696 0.9067315559770476 0.0387422972474345
1 0.3768156367452065 0.3412017000885889 0.3843792750806131 0.7732044637522342 0.3255611207642079 0.8610230836603191 0.3352309395053301
1 0.2753478107412 0.3651495453378832 0.2566525558132094 0.8793504805174431 0.2680864430850768 0.2440070407270718 0.3599955628069557
1 0.4564286339788228 0.4506914977404583 0.3641539548325029 0.8686684999969628 0.3899529082268187 0.7548556587146271 0.3845514414202481
0 0.2759295888581513 0.2569159212320393 0.3158986800841073 0.7370788830706714 0.2388910043716627 0.6005919516873663 0.2571156950640286
1 0.1818055194123819 0.1309644049315682 0.300161202963039 0.4905533094234034 0.1538034148160489 0.7780428715542324 0.1594111564604251
1 0.6145673709815893 0.4669187457106728 0.5562370928849345 0.7638828421423945 0.5245628789501662 0.7500488885925265 0.4383873699113716
1 0.2741365677763999 0.2650404185233545 0.3083452868653727 0.7548350790607782 0.2347145613659264 0.8045528201038794 0.2505772727294594
0 0.1813811075073929 0.1903715464979097 0.2304232138738622 0.7339402114023146 0.1607324232975507 0.6513730220242417 0.1872978114947041
1 0.7465833167986264 0.4591325410200536 0.7375228848429921 0.6096940410590178 0.6320596831139568 0.739534079087586 0.4854472726669196
0 0.1631981570161213 0.2047362556260023 0.165519784966587 0.8189216208527416 0.1461961805472909 0.6677161479687276 0.2040892534633774
0 0.2582998044452924 0.1839473477269061 0.3830610392689014 0.5018011890407326 0.2200831290314902 0.7797053739535492 0.219520969086617
0 0.102426187160164 0.0510676846736436 0.2356811416661206 0.2841286178859966 0.0857706257586937 0.8323211560303225 0.0871171953437736
1 0.3389428350662978 0.4089671668554887 0.2549148877487782 0.903492355792036 0.2980909932639897 0.3809629168199723 0.3528535123989803
1 0.3574262119622245 0.3306828984899526 0.3556533204568014 0.7856638067722902 0.3099262315632463 0.5701328453629659 0.3224205569498706
0 0.1696978584374702 0.1385084095185192 0.2631808471683233 0.5825249106605564 0.1436379604725521 0.7983233972689502 0.1512677087227032
0 0.0695032681484308 0.0340694550034157 0.1858456564706668 0.3462360148336308 0.0613981259768801 0.7192638301058237 0.0763779064011326
0 0.2392632614709529 0.2546538760371136 0.2695165503814765 0.7787766096024179 0.2076370909004355 0.7138073852471352 0.2385720482575713
0 0.1878665029094724 0.1668032963987377 0.2641062525402425 0.6484011210395038 0.1610259245154277 0.691671460463549 0.1744234587928198
0 0.3166302136792903 0.2697736174837202 0.3631603280854722 0.7065233211606076 0.2671900745007497 0.6871213211889251 0.2627190951079989
1 0.4078692359057521 0.3799285901157701 0.3774286117147313 0.8132839740186385 0.3547248296162298 0.7694395014618466 0.3591519264398207
1 0.4564143279595535 0.383042563814405 0.454439657157714 0.759874281679187 0.395600823554614 0.7783845251951372 0.3771722685898111
1 0.8559671401316417 0.4807973346636027 0.8513828411199335 0.5310490995830063 0.727181841334825 0.8145863238791231 0.5326259771229709
1 0.3055048993608699 0.3100238085798006 0.2973777540500379 0.8117036914714755 0.2629541380049032 0.537617856995249 0.2789612595787998
0 0.0867754020795573 0.0919516198440674 0.1276974941122409 0.691275247589563 0.0755972389498488 0.694493227935399 0.0954953606112343
0 0.2161781150434036 0.2502487925209257 0.2091592253911276 0.8265959822010098 0.1834351391236046 0.7642582417485505 0.2128113183901891
0 0.1060360726891157 0.0919138844625649 0.1794121229055198 0.602771954908884 0.0911250398686121 0.7491443012834789 0.1066227992393245
1 0.1239090594295526 0.1517237635890636 0.1730613778490825 0.7412564378979296 0.1128877585509247 0.5911210787425233 0.1496732648475306
0 0.0989688991700849 0.0965835450257955 0.1650162725932451 0.641005077749942 0.0947224129039424 0.5467789027903365 0.1385982528807959
1 0.2560394534007441 0.2965533624855395 0.267582072844301 0.8224969662905424 0.2238589825371511 0.4354838028559492 0.2675048316262396
0 0.0918492702470666 0.092906719467947 0.1465268727321549 0.6630600329336344 0.0825262474313506 0.6481913450623612 0.1104427308401152
1 0.4050032633788037 0.33963864541304 0.4194908284909803 0.7423403336276744 0.3456857853521529 0.6743388999746991 0.3353603227338131
1 0.3250183096441858 0.3249368847819393 0.3169513096596674 0.810197294347123 0.2837411634494085 0.6122319372685282 0.3076732737955211
1 0.2057394896499093 0.1591680803955813 0.313557926493101 0.5523281844796474 0.1760976086766794 0.6387393380310814 0.1971881733062199
1 0.4628806486692741 0.466097468134924 0.364372816936532 0.8768158372575571 0.4058693999476352 0.4381988156346367 0.4366539232368249
0 0.0442149947534102 0.0339327780030401 0.0994311895473003 0.5820785224168138 0.0385129634478217 0.8110545072361203 0.0457285106069768
0 0.1734078861013069 0.1951709322819518 0.191993575144946 0.7822457363914586 0.1492977744983695 0.5538364266540601 0.1782664773637488
0 0.1138566965563293 0.1199417428071352 0.1619064405494561 0.6987298417760628 0.100164084132689 0.6114816479837298 0.1264828843222065
1 0.2751475264714299 0.2843256313024326 0.2801078495255035 0.8011266810616153 0.2446023794222423 0.7477446115716422 0.2711251571310433
1 0.1454062377182104 0.094979149579313 0.2760010611697089 0.4037218875491669 0.1289668658113758 0.6619466829971297 0.1424965839843477
0 0.2560251473814748 0.2200215335135528 0.3287111977650758 0.665785412398623 0.2238867461658693 0.7454536111329443 0.2383835046681089
0 0.2562397376705141 0.243508582733179 0.2946604719227345 0.7406249481701669 0.2210191599425574 0.6042224714896405 0.2379597625703632
1 0.7008422045216064 0.4797322440365799 0.6635739420380984 0.6982616399736732 0.588970531343473 0.5624459456693036 0.4680055477060191
1 0.5661271897357627 0.428040277736995 0.5405319290083728 0.7387772681981565 0.4876967462452098 0.7672120113644815 0.4268150261295756
0 0.1876519126204331 0.1516219351450955 0.2927310286028983 0.5673690985162219 0.1607720856242909 0.6204451974867429 0.1823499852069511
0 0.163508120766956 0.1624058989037464 0.2174596570520406 0.7034052487416107 0.1438561032696229 0.7312923323712945 0.1735663550264374
1 0.4374397777353811 0.5340877198615808 0.2690378479712684 0.9444316149632556 0.3740284840406541 0.5992131885024274 0.4162714954545651
0 0.2751761385099685 0.2266254599176663 0.350662132180434 0.6503821989990205 0.231696258301002 0.7431540763755485 0.2375639172282012
0 0.0876337632357149 0.0976319500862201 0.1209727314612527 0.7135804857719058 0.0742566523060322 0.6369954359188639 0.0882090166398948
1 0.3022431269674712 0.2584226344259213 0.3585204180926199 0.6946460854139817 0.2625773459008719 0.8371977960863473 0.2718923179095954
1 0.4403772803586759 0.3304894722686447 0.4886226253583511 0.6656287518310515 0.3760314315410309 0.7559745103098797 0.3573756726748093
1 0.2044090298578651 0.2190859057393678 0.2423313826409401 0.7616232586804559 0.1803732074992661 0.6248040881435872 0.2310437720783248
0 0.333716369359916 0.2927816623363179 0.3916717609720017 0.7097486293142643 0.2900990344258523 0.6476899752349891 0.306084601662883
0 0.1638657712486883 0.1444528304228392 0.2527957484306443 0.6149099281236488 0.1443598148192226 0.6669025502344246 0.167174631147955
1 0.2206606677477821 0.226558437792101 0.2522533660824583 0.7612632624302106 0.1988598179928434 0.5763822137938447 0.2323188461999182
0 0.2387434761041686 0.2696480219995936 0.2275262250168528 0.8296326910079208 0.2062885717912709 0.7535252771507575 0.2329715340848683
0 0.2372318067347133 0.1855074501473222 0.3407539663761944 0.5764789168772834 0.2036272296670078 0.7924360077193418 0.2079750791247711
0 0.2023441944099971 0.2498724879186662 0.1840023579000442 0.846350766653551 0.1715086774728457 0.6829562444927652 0.2184950418510986
1 0.5076251082705332 0.3979948099354302 0.5134522902349167 0.7286083602456636 0.4477012559604567 0.7513488810472855 0.418438784776293
1 0.3471592587999618 0.2528447497431232 0.4471954574161344 0.5760323493395522 0.2956636588674934 0.7189448717397906 0.3011733297445157
1 0.4797379080415911 0.3847952399221708 0.4714730205863844 0.7482897482589997 0.4098316663889748 0.7895026884289307 0.3824798668288851
1 0.2637647038061623 0.3010725952457305 0.2467559689096333 0.8417378729820921 0.2343536341925911 0.4993509441057554 0.2921357428924812
0 0.2477038128398359 0.2733518494327581 0.2426737831362458 0.8210021678573154 0.2142725981640603 0.5528112572560884 0.2512261127860531
1 0.381217122007059 0.321010174653999 0.4029858241134922 0.7351742087995342 0.3251525987987845 0.8935986571323348 0.3083399100582629
1 0.5270956004960412 0.5179932418763145 0.4108142850630594 0.879973967213527 0.4693251564991788 0.5547153802843438 0.4691190130366449
0 0.1054447572259849 0.0962226101337697 0.1767471403044148 0.6195820311899678 0.0903754218932235 0.7485450029470032 0.1165473105275032
0 0.3036928035867595 0.250063603358341 0.376461105186934 0.6607204158950171 0.2638425741238823 0.7875202160099629 0.2776034571475442
0 0.1405612658590098 0.1071239809044856 0.2397405046598809 0.5328363721503225 0.1180557597251644 0.7864667290885966 0.1290190841876018
1 0.3000638433654488 0.3742906457112544 0.2230671693751282 0.9028931683212612 0.2625773459008719 0.3847943628809255 0.3167349095747828
0 0.1130031040732614 0.0896533099534995 0.2129369831415721 0.5292215412863676 0.0976415601520164 0.6122607112430128 0.1206914216673185
0 0.212830506534389 0.1777481872141227 0.2966299173498198 0.6250023639300574 0.1819715992668935 0.752116565946463 0.1885161301480411
1 0.3136831737098158 0.3535028691687727 0.2817302184951691 0.8567792711124362 0.2817421821817056 0.6431617434182113 0.3245128136186491
1 0.369943978822856 0.3260037377443575 0.3830562362394816 0.7583369188530354 0.3249899832591499 0.7370665703290504 0.3464160955587659
1 0.6086065296193838 0.4497868573730619 0.5666963610670634 0.7406936226576867 0.512822830235086 0.872774544253368 0.4239272309481166
1 0.328637732519317 0.3480237973178031 0.2900687869841243 0.8475745361436862 0.2839553400138052 0.7078846251270007 0.3130275269534161
1 0.3778504388056854 0.3273708275131305 0.3891902300006983 0.7546101400824075 0.3204407143820563 0.8780165097671648 0.309820362018378
0 0.3486804655155966 0.2101670814401049 0.5222126585015142 0.3159692906495762 0.2957548822189957 0.7681852002000972 0.2765828206760158
1 0.8529247267003721 0.5476065686361065 0.7417726422749807 0.7097591033430968 0.7182221217242283 0.8650129379998083 0.5318641071084088
0 0.1521443727940475 0.1906498683876523 0.1528826973256474 0.8153919741927775 0.1295855981085219 0.854398922800502 0.1592375232058437
0 0.2828346274921301 0.2281834129937306 0.3613887060880735 0.639676794533885 0.2406044168868366 0.8146297898730686 0.2405531988825595
1 0.1718771420394925 0.2308176552097486 0.1884206788613853 0.8253050312532975 0.1632985758376375 0.4774792715861641 0.2234678790231681
0 0.2537171096060288 0.2828001955299624 0.2440426740568574 0.8284453344969517 0.2205392457890018 0.5757915792501742 0.2589895874735829
1 0.8280751712296098 0.5051262103777903 0.7751721326869201 0.6378646767095668 0.6954797435714343 0.8531229971683615 0.5141660205832645
1 0.3589998740818468 0.2692536891545338 0.4497028736899141 0.6062919865212161 0.3084507930085132 0.7568938598616328 0.3069426673863545
0 0.115582956214824 0.1101987844251055 0.1749070818066691 0.6578003280481033 0.0987322741373702 0.836092585356363 0.113763887690211
1 0.3207074291710388 0.2242350487623785 0.4394490108112636 0.5193769875691056 0.2758602591261435 0.7970035009132932 0.2667141028990046
1 0.5076012649050844 0.4508705060318452 0.4352617042350755 0.8287790739575199 0.4350965685224415 0.727900740575423 0.4031321235746357
1 0.7147333492320901 0.6315809502653135 0.4954262156322169 0.892369509282666 0.6101938423821198 0.4660018023433486 0.5388936085369602
1 0.3519803872937136 0.3478841685805525 0.3364490967272649 0.8156808168086226 0.3107710391228112 0.5143075471967715 0.3361178639414743
0 0.1112386950300486 0.1049751072603641 0.1738344212033684 0.6470640247089281 0.0959202151714945 0.7907074428026453 0.1104114672347197
1 0.5765419717638081 0.4696151629173147 0.5103687671469009 0.796230015534302 0.493011498028388 0.6926007466044164 0.4407787952348583
1 0.2680183602022322 0.2914273937454138 0.257955371161223 0.8253455891834937 0.2317319543950682 0.7755344028937939 0.2613588877840205
0 0.174538061623581 0.1803947065669623 0.2148101901434045 0.7366644727247915 0.1491708550528011 0.6747791273007678 0.1742070184477738
0 0.1071662482113898 0.1127845026885511 0.1579744643940146 0.689772019078975 0.0953966724585247 0.7087282059922815 0.1198569238925298
0 0.1721346503863397 0.1863750479142304 0.2006218134920371 0.7614518878560819 0.1467633518196748 0.8930777367147643 0.1672010849679051
1 0.4181171143756558 0.4189964400865956 0.348873147568713 0.8586299632234574 0.3597579788795531 0.6525739207029312 0.3688042038717859
0 0.1272518992654774 0.1142122134521584 0.2006565691250483 0.6252725730106372 0.1088184038273867 0.6917883426652721 0.1320694501171176
1 0.3636207183058284 0.28237353869144 0.4294133767079494 0.6540154286861104 0.3109296884297717 0.8129026250323117 0.2980917002096042
0 0.0906094152437279 0.1256148660277939 0.0947496562634259 0.7951806159679888 0.0809794166884853 0.7750650482825412 0.127510735471903
1 0.2200073595344844 0.3431917163382028 0.131274958795298 0.9351236669649748 0.1945167932147986 0.2649511804924348 0.2712651218875065
0 0.1146769083277687 0.084094931325406 0.2172542153206889 0.4996947585039676 0.0988195312561984 0.7268614563052817 0.1203994676907786
0 0.3267159572641419 0.2383137507569184 0.4280707944562774 0.5706828801035904 0.277470549591793 0.8511460482464787 0.2670873422495729
1 0.2116335695888581 0.1878789478756145 0.2817809252341254 0.666375069578924 0.1848669491189235 0.7303047675208187 0.1965503957561508
1 0.4025950834684728 0.3258301119481422 0.4327110406181642 0.7138493974159853 0.343682837851776 0.8009168667780527 0.3229159648507538
0 0.3598868472765429 0.2516154363289259 0.468338794201416 0.5434483791168375 0.3044766278691516 0.8180307564720974 0.2806523801414263
0 0.0805427463512353 0.126503144998799 0.0828946879670316 0.8098065622173731 0.073887792667349 0.6983271076706739 0.1110396252138978
0 0.1485535619574549 0.1213235745464719 0.2496427619778252 0.5580856404468562 0.1299544577472052 0.743568786330102 0.1431055028217439
0 0.2382570714490126 0.1796779068982383 0.3504844860636484 0.545774501837885 0.203972291909647 0.7532961189532631 0.2197715589083259
1 0.3416895907660021 0.4328059062858348 0.2437103448645664 0.9193766345227468 0.2991539436206253 0.4249428549426739 0.3678432087397813
1 0.2695967909949441 0.2918764934756062 0.268284060620209 0.8177682568520903 0.2335564214251144 0.446131193846739 0.2756718473126441
0 0.2610131794333683 0.1970211324441472 0.3700020282250178 0.5592926475789903 0.2254216782107125 0.7585784277210964 0.2238666102365974
1 0.1966933167986263 0.2690299237372871 0.1610247549356851 0.8778840268338892 0.1758636009489126 0.7222901161942106 0.2242759229780066
0 0.0792981226748068 0.0436068772949968 0.1912457298397185 0.3841278597168671 0.0687316901911313 0.7678254926018949 0.0878554974096529
1 0.5737999847371935 0.4737235605995179 0.5098616733686423 0.7996579927229837 0.4978820317520767 0.5896930122564294 0.4696745432555965
1 0.3476075140703997 0.381632963826141 0.2912329589941749 0.8691147985937109 0.3085896111521037 0.4315362843550623 0.3495852631887847
0 0.1304945969665172 0.1093846766858588 0.2181351072657585 0.5813975948165769 0.1123404184419108 0.6936068723362369 0.1325643770394563
0 0.1525020232757798 0.1359468778248606 0.2259323816533846 0.6371240197619021 0.1318820468267758 0.7544572251914915 0.1488176040167818
0 0.1351059038443194 0.1589378177107957 0.1551107126726889 0.7733037127546687 0.1188886685867073 0.7714258339647921 0.1538356531720386
1 0.3617370924353715 0.3510951229403921 0.3820342924143149 0.7847251962215043 0.3310979815771309 0.7325192904571686 0.3494597277886581
1 0.2867210960602881 0.2739790324938621 0.307533284904646 0.766257304152749 0.249492744309301 0.7538755485004633 0.2711318908306669
0 0.2742319412381951 0.2900389255863388 0.2751826639659878 0.8106309478278296 0.2361265401978752 0.7043368283068929 0.2546766528646318
0 0.1767078078794238 0.1282747495630342 0.2983983741379237 0.484863474999017 0.1503488261569831 0.7378961614073165 0.1580855795916541
0 0.3332299647047601 0.2222570989778209 0.4692538632360307 0.4641334991321527 0.2850698513952031 0.8190519165616965 0.2801815021463151
0 0.1545954707621864 0.1151550757154969 0.2653412781977833 0.507678688853178 0.129906862955117 0.7747713483398085 0.1370321867397515
1 0.3001830601926929 0.2995378765704473 0.2996664358607616 0.8000855306487291 0.2615024968462142 0.5801811311312025 0.2823329191760729
0 0.2039226252027091 0.2016322237948783 0.2477669390531318 0.731294084770181 0.1746221701219463 0.6142206090833103 0.2077831686854968
0 0.107223472288467 0.1264550917538059 0.1374935742190626 0.7441943964656837 0.0915137306706654 0.8633651188420469 0.1161735901983904
0 0.1860448697891824 0.1832202794291754 0.2412144945839358 0.7096575642674426 0.1586937797031077 0.6244715481631488 0.174440293041879
0 0.0974429237813603 0.1353382420416691 0.1089676906533956 0.7924381872746173 0.0860204984171566 0.7743697679375233 0.1209761609656902
0 0.2821765506057426 0.2798287640839459 0.3003099764049144 0.7792881761009001 0.2443763041598235 0.6753868019536414 0.2650754089977336
1 0.6143527806925498 0.4626225245618666 0.5724746524225934 0.7486951287076289 0.5310556018375265 0.8391873698309275 0.4506528037758596
0 0.2353910989220642 0.1681204605869201 0.3644648549698576 0.4872358881680636 0.1989986361364339 0.8489691386355304 0.2067288637158502
1 0.4086274549270247 0.3746513436299352 0.3849395962919182 0.8036933445979436 0.3525235704821524 0.6385387519162435 0.3617189089320669
0 0.0320977964323189 0.0503539527019608 0.0410585428585299 0.7386847655395344 0.0300847190155428 0.6612118801322472 0.0456491491471266
1 0.2392108060669655 0.2500154555313129 0.2590514706628248 0.783086967487129 0.2104253524702671 0.6119499097457382 0.2522385726223241
0 0.2331307478775159 0.2292955154268476 0.2799709535781181 0.7363514335701947 0.2006446226961496 0.7607370266210091 0.2218118698942935
1 0.418679817800248 0.3384404344588465 0.4401011385811413 0.7227892809345279 0.3586157038694372 0.7894649346570398 0.3339077675292818
0 0.1323543794715253 0.1624945248617243 0.149702600790679 0.7842004972533203 0.1190116217996017 0.7743264358066378 0.1499464606608331
1 0.4169821701802919 0.4106576011173837 0.3543137562687635 0.8502203938348365 0.360321183919263 0.7973514570904029 0.3710912568511059
0 0.2095162787370027 0.1676710247665928 0.3177450279832315 0.5681461863724512 0.1813726981331175 0.7051792614610194 0.2078567584028125
1 0.671948814270724 0.48814101177981 0.6096943984317891 0.7459799201016374 0.5639118733090551 0.7449622700626952 0.4627470092784889
1 0.5351737327101022 0.4308100153257745 0.4963278496656383 0.7737141965621953 0.4600838343687271 0.653853230217672 0.4135116405659556
1 0.4965474806830106 0.3527207365059749 0.5617644701973811 0.623647641370444 0.4380355469338856 0.58750348001726 0.3986436317969248
1 0.3580175274253553 0.3006121713251091 0.4013814421949985 0.7107786944688109 0.3096525615087394 0.6451276914299287 0.3127322061270643
0 0.1763310827053324 0.1590227561354928 0.2556950781370471 0.6439462212309144 0.1498570133054054 0.7149826897476358 0.1734316810339643
0 0.2359681083659258 0.200012067483144 0.3124797572496089 0.6491297392107979 0.1984711271907901 0.7803165487962721 0.2029353859350097
0 0.2045139406658399 0.2110635210268187 0.2324949702813416 0.7611758044524533 0.1754392140527931 0.8038796842201584 0.2036419434169489
1 0.2681804950872842 0.3926236740661583 0.1751506775760819 0.934400391754545 0.2421710787930719 0.2450122996407164 0.3273154755977234
0 0.2654003586759515 0.1583247538040338 0.4416223292764848 0.2745914180739432 0.2238470838391291 0.8289613973090293 0.2140363707431498
0 0.2348379328436516 0.2660124007813326 0.2455603212093255 0.811678825025184 0.2109369964852149 0.6266027621921347 0.250846139735861
0 0.136813088810455 0.1382650477401594 0.186278396657274 0.7003133092364439 0.1167072406159998 0.6468059260305176 0.1410647108572319
1 0.2547471429934179 0.2911354652582194 0.2444870006018029 0.8352644602590844 0.2159741119812121 0.653001169895603 0.2519201648258341
0 0.273850447391014 0.2624516023743552 0.3032258205585452 0.7565244897091548 0.2333581097914137 0.79582174026324 0.2461681424115989
0 0.1174618134121911 0.0987648253254867 0.1969139794743993 0.5899546921889612 0.0981373392362681 0.8766589101125742 0.1036325556278771
1 0.1382484594104741 0.1775581528600632 0.1413325706663152 0.8116984153383707 0.1185594712747641 0.7024673560609066 0.1572616633448454
0 0.1448721463321568 0.0709504737456175 0.3181682782786266 0.1136294915461607 0.1224582779933195 0.7699183230442651 0.1235118798525409
0 0.1374139416197653 0.1820565730378241 0.1386475418352862 0.819411236877167 0.1203204785820262 0.508256375095937 0.1682765529935117
0 0.1682577191643613 0.1280216653993102 0.282681711387286 0.515709626826343 0.1446334848737295 0.7499233228477105 0.1551732545044232
0 0.1452584088524277 0.1033230780985172 0.2609762136396871 0.4743593883442096 0.1253734590087195 0.709863597356119 0.1477705137253034
1 0.6631982991510064 0.4602432926144092 0.6272178905758308 0.7054999224825509 0.5610204896896992 0.8571992151263558 0.4499549039077221
1 0.6980525307640942 0.5774715227371562 0.531313095879534 0.8525562831884336 0.5932104340719936 0.7863878749683136 0.5149928227013405
1 0.4030099580272823 0.4099367306637911 0.3338961949474056 0.8616743588526488 0.3439168455795429 0.6789319412628354 0.3608954736638028
1 0.2108372011828675 0.2242038943470377 0.23205561226883 0.7782994431005918 0.1805992827616848 0.7451900018505332 0.2177764599055457
1 0.4806010378708385 0.328218761156728 0.5801037373119428 0.558830988377244 0.4309875514721634 0.5378613582904578 0.4474634350469697
1 0.293177879423829 0.302978233177684 0.2838045578396401 0.8157818017028571 0.2496077650568474 0.75955262821033 0.2666746626583517
0 0.2696683210912907 0.2238539015599329 0.3491973057309009 0.6470655666372312 0.2359956545196328 0.6216120861702706 0.237737069504238
0 0.0747917266049794 0.1182784322111215 0.0678428293124686 0.8157966537649053 0.0668358309729528 0.573581917079038 0.1096471923274348
1 0.3901345406849184 0.3669206861910186 0.3636660766139263 0.8122219798645895 0.3351356064392767 0.5554175995637209 0.3400907467194308
1 0.1556159668033959 0.1107388628737846 0.2862603030397423 0.445910372697031 0.1404253120066011 0.6068261058134022 0.1682611616800862
1 0.7475179767242202 0.5116951057987769 0.6677848630547796 0.7273054243097771 0.6403332444719492 0.7505532714359879 0.5177079465853072
1 0.2810129943718401 0.3022629972220821 0.2713819546476085 0.8246035679715694 0.2475215266703163 0.7211929394423066 0.2807553095499594
1 0.3068878145569016 0.3946587190086797 0.228961875321477 0.9097148302783618 0.2742182387991018 0.3678437312582485 0.3253872326126352
0 0.2198261499570733 0.1795124658167159 0.3158638475796789 0.6004021920309798 0.1870126809955648 0.7366280656669514 0.2010845804955936
0 0.1529407412000381 0.1547359799746034 0.2058267111927983 0.7047397795382021 0.1301329382175358 0.6881518736374924 0.1524461061568429
0 0.0458315749308404 0.0546572469026389 0.0779075689996146 0.6867031710096112 0.0461400288799498 0.635673509672542 0.0651725492488258
1 0.272858563388343 0.2729016541057341 0.3476369057365087 0.7266923301452581 0.2689669467387078 0.4578476832639655 0.3374516174455026
0 0.06486334923209 0.0568135644120348 0.1206180226473192 0.6123805169883426 0.0556589872975825 0.7851238258424199 0.072327586077504
1 0.9207972507869884 0.4479519756135854 0.9999 0.2587759067376375 0.8017549480716286 0.7728136208366652 0.639025164876347
1 0.7806459486788133 0.5881408252131713 0.6120205321118062 0.8184729278662713 0.6730546640325613 0.5098485445268105 0.5834476130754195
1 0.4339252656682247 0.4261863395113906 0.3826099207900276 0.8435660783670356 0.3927292710986282 0.8066950087093144 0.3922490220471751
0 0.0970757359534484 0.0850524764779274 0.1702191684819837 0.6001732955452941 0.0894155935861122 0.590355281093045 0.1235623825997184
1 0.4764665983020128 0.4028762011941367 0.4467744352445094 0.7841412862285148 0.4110770634486151 0.7815365262527352 0.3777783015559401
1 0.7427683783268149 0.938189408722099 0.4294206310177166 0.9819018239528664 0.7911770055300343 0.0753653460052529 0.8336141736651017
0 0.1746763531431842 0.1401825996398335 0.2864442319607327 0.546169364249157 0.1488416577408579 0.6436999409484356 0.1634177077364999
1 0.1389399170084899 0.1566506773107259 0.173262449382988 0.7488425393353272 0.1203760058394624 0.5624455396911704 0.148341916236225
0 0.2362303853858628 0.1520360229381325 0.3913545651229282 0.3717844710091592 0.1974557716262426 0.7723044518401874 0.1892645327633559
1 0.176846099399027 0.1447722225529828 0.2697078928049081 0.5880625326382374 0.1522446853751616 0.6944739319044625 0.165525355718704
1 0.317870068682629 0.2956178559836622 0.3350505156558487 0.7662442727396591 0.2718028031006275 0.8164554537867921 0.2817365057808348
1 0.4149316407516932 0.3923832451082667 0.3703100170008551 0.8276515511104808 0.3549310737152786 0.5154714228642095 0.3597113044871286
0 0.1124404006486692 0.0567726097431066 0.2738864271476689 0.1816621668943465 0.1005131126080022 0.7273239400109434 0.1218909821574182
0 0.1892971048364017 0.1538673949267283 0.2839871810938692 0.5879165791816839 0.1575039099009036 0.8545455467407997 0.1587339386697032
1 0.3485803233807116 0.3403173620788921 0.3386021050756069 0.807631960846202 0.3008911535318433 0.6575127390531172 0.3079238636172299
1 0.5929223638271488 0.5342209320499333 0.4616487846019362 0.8637584786974342 0.5094039376700863 0.4696058567603053 0.4701516739717869
0 0.2404983478012019 0.1495566765545693 0.4172697037486415 0.295576556995842 0.2106712588960559 0.7928418892953604 0.2146727053575853
0 0.1578143250977773 0.0844775599675596 0.3290221308882999 0.1790925401173682 0.1354080276739739 0.8666988027948207 0.1392389163021322
1 0.8102689459124296 0.4978867848195463 0.7597064800686375 0.6418190789785603 0.6794640960337673 0.8555069183210312 0.490712063815529
0 0.1523303510445483 0.1630492206399841 0.1898988465175093 0.7389623419731056 0.1313267742524139 0.7022810713487313 0.1546571645261245
0 0.1363743708861967 0.1846574323302819 0.1323389071134038 0.8281818913195284 0.1171950872349034 0.4912722404021454 0.1561895621690506
1 0.4799572670037203 0.3856278257519236 0.4745399423165773 0.746717276409964 0.4122708994834932 0.7821463953820035 0.3742205032619274
0 0.1294311828674997 0.0934736650449335 0.236855580599733 0.4910140819348781 0.1089691206689992 0.8258978797341333 0.1173163952202336
0 0.0569187398645426 0.0761550611461722 0.0770348954121998 0.7359256820645551 0.0522202635692127 0.749113872673793 0.0684263691026849
1 0.5137528531908805 0.5389328135152797 0.3488986026207191 0.9157043497150756 0.4389795103103007 0.4447892276419828 0.4453120180172119
1 0.6767365620528474 0.6018522233169336 0.4827974877579203 0.8855306954106253 0.5778016201334507 0.4364009337920676 0.5104408417557498
1 0.1335560850901459 0.1362044554126283 0.2065937677552032 0.6671208233657046 0.1210700965574147 0.6023196695361747 0.1529304515512015
1 0.3529388905847563 0.3120496006784571 0.3783323967136717 0.7466874842688184 0.3035723268194765 0.6742036148939319 0.3085366302829826
1 0.3842833788037775 0.3829411497174885 0.3558201472084212 0.8300748821423818 0.338138044573505 0.7762947494639082 0.3647654270332264
1 0.3246272784508251 0.2218640860056232 0.4507206389225111 0.494613218055038 0.2746862542546354 0.7538170876493143 0.259201699011728
0 0.2038749384718115 0.2070949385250829 0.2496577094528395 0.7372919788661136 0.1769146526075262 0.613335642587706 0.1961526264998106
1 0.6648291853477057 0.5633614565624613 0.5132742276356755 0.8538755674762015 0.5667199660422568 0.8293962152507857 0.4983514460385659
1 0.2556865715921015 0.261644896132814 0.2673477928580766 0.7885176389705868 0.2229586477201501 0.6991747592896665 0.2648315528756485
0 0.0512487875608127 0.0415765696167788 0.1075083212139972 0.5906723098590739 0.0449303279143757 0.6905363763264065 0.0571262591771023
