0 0.1360501011160927 0.1211682199263659 0.2123133847067294 0.623331679723831 0.1161242044129198 0.8034728656027194 0.1302297071842261
0 0.1427739301726605 0.1653271294447557 0.1733933135056098 0.7617737221957986 0.124072534691643 0.7991836693216873 0.1704553858003087
1 0.7786526433272918 0.5123759239997056 0.707422425677263 0.699474441561534 0.6616001840700101 0.8061316866188498 0.5192297627002534
0 0.0862889974244014 0.1401285456182022 0.0735255746591695 0.8362679621942278 0.0775605241234855 0.6542251259377693 0.1195616030661781
0 0.2562683497090527 0.2319472918564892 0.3109000094652234 0.7066131344093989 0.2216537571703996 0.7652277087522009 0.2318239192775796
0 0.1625782295144519 0.1575539704671649 0.2249735813872758 0.6843718292035468 0.140687083363086 0.7237574945304354 0.1671222044865994
1 0.3611648516645998 0.3350711648020799 0.3598898287557999 0.7865848302127271 0.3148641912423932 0.6368139066370356 0.3313061545818281
1 0.1975516779547839 0.1770872088258737 0.2659763669016925 0.6666557396487734 0.1721036123739477 0.667776173481546 0.1949420035031864
0 0.1267273452256033 0.1602372688864391 0.1380855208477888 0.7937518433610843 0.1101788216345734 0.7223883014570528 0.1411156945829539
1 0.2872790308117905 0.3712402071706436 0.2053613244609866 0.9106131502099892 0.2502026999579495 0.5534676119788208 0.314558000682164
0 0.205787176380807 0.1913450002191347 0.2678037112111998 0.6907098537757733 0.1770733019144867 0.7308668080370688 0.2069299127474709
1 0.4524944786797672 0.3190668846504725 0.52453363118372 0.6081730608136002 0.3862008521172018 0.7550676034392829 0.3385838409393658
0 0.1303133873891061 0.0750850229717736 0.2823531506154498 0.2796937142469864 0.1140141686303445 0.7854879618939862 0.133172814898308
1 0.2781422531718019 0.2749130452474103 0.2918482286404086 0.7813499754740341 0.2424011202881647 0.7089233958896652 0.2688631150360396
0 0.1547623743203281 0.1951743241492002 0.160974195916057 0.8127519826749493 0.134273685129206 0.7350830006718854 0.1731445368428699
0 0.267474731469999 0.2316146046017868 0.3304782484946419 0.683663780942596 0.22760310618142 0.7585459758041747 0.2329316128656709
1 0.3745743603930173 0.3769458704982365 0.3339588006933754 0.8398535860674189 0.3188264576837328 0.6830844984711646 0.3204264199041796
0 0.237479777735381 0.2346908442145637 0.2849876657465668 0.7385884553285698 0.208922150286816 0.6678209144662767 0.2418936860862115
0 0.2083622598492797 0.1333690933098044 0.3792309578982322 0.3163967715272343 0.1828798665492426 0.7619515025251513 0.2023404154754052
1 0.377211436611657 0.4102344343559486 0.3051539151865731 0.8779176526065029 0.3252517546156348 0.5861934478329962 0.356708555433523
1 0.3681557264141944 0.3755332923419533 0.3313451225925471 0.8405206053439664 0.3203693221939241 0.4244802132347118 0.3429044712050297
0 0.1100656014499666 0.1366887296833375 0.1326353092440691 0.7667450783389266 0.0947224129039424 0.5394120718677631 0.127063906404019
1 0.2365260431174282 0.310706462838286 0.1881733072138429 0.8875116348247871 0.2064234237021874 0.7298925066019213 0.2588736716443471
1 0.6157881512925689 0.5128149574805329 0.5017343558528921 0.8310601319494725 0.5298102047778862 0.8124785534414594 0.465065806841749
1 0.3542693503768006 0.2671030631514782 0.4450548572045293 0.6079953299424623 0.3178943930053396 0.7928379282654683 0.3241612183025854
0 0.2077471010207001 0.202275180288984 0.2519896265596816 0.7274880825057144 0.1793618181673926 0.6572456866372431 0.2158756326974968
0 0.1974610731660784 0.1593715260934945 0.2948657019708547 0.5841951727109366 0.1704814232102761 0.6860722012755838 0.1849400546693356
1 0.5351260459792044 0.549339099677392 0.3716912965535159 0.9103779865844248 0.4622097350819984 0.7720763118797401 0.467264840747417
1 0.6584391634074215 0.4783607708439653 0.5958959807285739 0.7466748945709188 0.5606555962836899 0.712931021098997 0.4824661676478186
1 0.4466337794524468 0.501663180642889 0.3076319029018346 0.9186956400947504 0.3861096287656995 0.51775291463669 0.4174426782105366
0 0.2027066135648192 0.1742267240502462 0.2856747398938309 0.6332304128245966 0.1736226794880949 0.6550707257213332 0.2002847131760123
1 0.2440843899647047 0.2188216988579056 0.3200444872814088 0.6743311800208648 0.2201227913582303 0.5542257838228283 0.2460392401616603
1 0.7311614280263283 0.478312767740407 0.689439199145258 0.6762415362814995 0.6154570331405359 0.8058903688276536 0.4825012790815705
0 0.0948869150052465 0.084263524968672 0.1710765759222023 0.5962130450323773 0.0873690175263212 0.6080969161210675 0.1255190033189347
0 0.1412336487646666 0.0872571711433949 0.3004066488094752 0.2952897045432719 0.1268449313307785 0.7581107606621911 0.1456147678886447
0 0.2406223333015358 0.2146259966453599 0.3006712560040341 0.6905492634099581 0.2035598037115495 0.8022116056563233 0.222439546894927
1 0.0938711876371267 0.1270209458800226 0.1043894599338332 0.7859518604945848 0.0809833829211593 0.9893175325933408 0.1047373633447011
1 0.5573289878851474 0.5043711627706735 0.4418940204016246 0.8577747292672672 0.4837384460365442 0.5786962320954443 0.4493531997484941
1 0.1472469455308594 0.2244704979113511 0.1123471104711908 0.8802275638910783 0.1285702425439744 0.606894349640318 0.1872295125413784
1 0.5117452418200896 0.4201941884957691 0.4724617206786937 0.7811492118451256 0.4382616221963043 0.5943588947995275 0.4016309895371051
1 0.6831313526662215 0.6545706502196403 0.435483618249109 0.9224277862754228 0.5786305627623196 0.9149205518697682 0.5320281207920993
1 0.2710560049604121 0.2921077907323761 0.2624062199186386 0.8225307827667623 0.2326838502368314 0.5477995296221718 0.2709871162887584
0 0.1666506763331107 0.1477696546003898 0.2410834388564378 0.6408671322149035 0.1428486801704234 0.7611971819872161 0.1575786282057018
0 0.0663273318706477 0.0628564142487732 0.119710783023934 0.6320202338188071 0.0580387269019906 0.7302155159713785 0.073895095154182
1 0.3378317342363827 0.3329283219935444 0.3413274589885713 0.7989411248277329 0.3016050754131658 0.6732126968835253 0.3134527119867955
1 0.7274609377086712 0.4614532978187888 0.7195184730646509 0.6294760309294309 0.6157108720316727 0.7842975089229346 0.4947532455468112
0 0.1713049012687207 0.1954127391575708 0.1865904544552281 0.7880235976445304 0.1502536365728068 0.5698375215077012 0.1825813358868781
0 0.1004328818086425 0.0366533488701035 0.2645490123998079 0.033485872366984 0.087896526471965 0.6680172959643429 0.1084346454166324
1 0.5347683954974721 0.4904817855058024 0.4257186578719887 0.8584431682262165 0.4589098294972191 0.4865412323830879 0.4381348561754845
0 0.1375903825240866 0.1538428267896908 0.1744541766410081 0.742965966961787 0.1206219122652512 0.6774012698384407 0.1503365342604606
0 0.29174250882381 0.1614055577125984 0.4934786802800941 0.1363270885437147 0.2435195979022366 0.8911247931701609 0.2170155518480727
1 0.584052631880187 0.5512324536056091 0.4476533902019606 0.8785830892061136 0.5131520275470292 0.7450578724268212 0.4881243992458672
1 0.2012998550033387 0.2290152933451547 0.2104863533327311 0.8040481103535542 0.1772716135481874 0.709479537653367 0.2081131199670561
0 0.1661070476008776 0.1939933621077525 0.1770854815299476 0.795783814734275 0.1411868286800117 0.782283857383354 0.1694578362989186
1 0.3733869607936659 0.2990740242454079 0.4309573038459923 0.6786034852013858 0.3247480430660351 0.5869230015103432 0.3430997484941157
1 0.3814031002575598 0.3255321122012591 0.3968337979813875 0.7459314879054453 0.3250653416799562 0.8541434199138921 0.3116788631145068
1 0.1102611170466469 0.0645041153107909 0.2384338841767058 0.3558547983003924 0.0951467998000618 0.6359235570908353 0.115656057284458
1 0.1646335276161404 0.2291520061053134 0.1462645865954678 0.8582275411256423 0.1410361118383992 0.7459027019491704 0.1997397644850407
1 0.7985093980730706 0.6554508237693846 0.5548118936510736 0.8782094910619049 0.6760927982608558 0.7781360863280411 0.5698729556126753
1 0.5060991328818086 0.3635099718526443 0.5468649159068886 0.6553746580446221 0.4287347313133237 0.7147673238342811 0.3814900129842077
0 0.1385870351998473 0.1471364646731195 0.1806186249646986 0.7240525374807628 0.1192297645966724 0.7539809799243601 0.1462232057474964
0 0.3195867909949442 0.1850877842168221 0.5078061893207928 0.2337645517844772 0.2683482144415617 0.810192523491795 0.2485677443703429
1 0.4080552141562529 0.3567932133565368 0.4089570248646674 0.7692939591714633 0.3481329509120193 0.7737401353538464 0.3369586144373421
0 0.1555253620146904 0.1435062491420632 0.226408575129682 0.6534657263562252 0.1316678702623791 0.8722705849438506 0.1476262201619393
1 0.2865160431174282 0.3181743599826164 0.2714957062748483 0.8376947430079119 0.2525705408643356 0.4497797127444006 0.3017341507274572
0 0.0857358313459887 0.1273707171119498 0.0903805255515493 0.8025821146846439 0.0819868397876847 0.5913350358020327 0.1241664916516691
0 0.2513947658113135 0.2198156485060905 0.3175264965983974 0.6791201143101314 0.2148556343671403 0.7092392139599778 0.2301159644658939
0 0.3371355079652771 0.2405424486585027 0.4576615674412461 0.5326104030464894 0.2914991145597791 0.771403614891298 0.2910102530982417
1 0.4481120681102738 0.4379199615764976 0.377701858338739 0.8538185487278945 0.3942800680741675 0.6327672636374099 0.4092636380605182
1 0.333797436802442 0.3317005099719776 0.3160068456260712 0.8167928111662923 0.2836221764691881 0.7859319308023075 0.2917067100307455
1 0.339605680625775 0.2865354249760959 0.3862200417706332 0.7065867553738204 0.293498095827482 0.7171264825153149 0.2876794766772551
1 0.3866152599446723 0.3569395737433828 0.3715013791196426 0.798030428721047 0.3279130967398979 0.814020451807088 0.3287997753861947
0 0.1924682724410951 0.2301607336134095 0.1904496703799275 0.8229181506893053 0.1636396718476027 0.5204652523486527 0.1978211410708435
1 0.1856776819612706 0.2814048161449902 0.1243510225886469 0.9090647559136944 0.1629535135949983 0.6724420626080734 0.2226035605786175
1 0.2071176361728512 0.1697494211904581 0.314308544906028 0.5790778859304901 0.181515482509382 0.7046872006025131 0.2031672175934812
1 0.260412326624058 0.2769571214786192 0.2777071218872388 0.7957086546941992 0.2271469894239084 0.6832525405010724 0.261528192231701
0 0.2327158733187064 0.2102138475920371 0.2988293583289437 0.6852639846818526 0.201061077126921 0.659157154577991 0.2240700641609407
1 0.2219911275398264 0.2888967673146945 0.1837893130692106 0.8762478958391818 0.1939020271503264 0.694690498196405 0.2273262889075225
0 0.1912379547839358 0.1929394113009727 0.2405472698987139 0.7262183925651747 0.1662018581550155 0.7343331261431255 0.1929507523287626
0 0.2026017027568444 0.1652877991251033 0.2973295281352948 0.595032400636368 0.1724248772205428 0.7674136837451349 0.1753257745423896
1 0.3944168091195268 0.3764117137918923 0.3644720565022337 0.8193196469879421 0.3445117804806449 0.700048700735865 0.3654994002922048
1 0.3031062567967185 0.2204832116178698 0.4490409233017938 0.4935474685068979 0.2685425598425884 0.6391478507842969 0.2985308336207755
1 0.7476991863016312 0.9999 0.367710372236208 0.9999 0.775054269710169 0.0001 0.8103641518002539
1 0.3042555070113517 0.2366333191282526 0.3950292360079632 0.6124268726341563 0.2656313450598624 0.7330516901807584 0.273301104066573
1 0.4384078183726032 0.3649675608219437 0.4392968403985063 0.7534112402984546 0.3817388403589365 0.5235837196124665 0.3792683730869461
0 0.0679820614327959 0.0706905058236558 0.1190824242978851 0.654583660234758 0.0572137505057958 0.7750828893756283 0.0710236532432376
0 0.193765351521511 0.1305314511321176 0.3463197010917581 0.3867588490465157 0.1660154452193368 0.651877286365978 0.1827366919567667
0 0.2273701907850806 0.222573300454278 0.261455272010451 0.7465161297438979 0.1908876903180761 0.6821317819058331 0.2013053496475405
0 0.162840506534389 0.1853879791738656 0.1877352499919206 0.7739721533435633 0.1402270003729004 0.8236910725767866 0.1680990719105739
0 0.2121104368978345 0.1851454349470677 0.2876917205402372 0.6531024473960408 0.1843156427772356 0.6515687693186301 0.2029007554798022
1 0.6024597100066775 0.4788114928504027 0.5354230262110983 0.7874537752692191 0.5167533668150335 0.6396857081706799 0.4760402942926733
1 0.3227245778880092 0.3174502782745928 0.3171944235485533 0.8032124993094578 0.2738374804623966 0.5542943985162547 0.2872586204507766
1 0.2792819660402556 0.3545989256948888 0.2317512043242423 0.8875810281182072 0.247723804536691 0.6386664616644968 0.3074395182228713
1 0.5361036239626061 0.5557250442909102 0.3689406149426846 0.9138568865257968 0.4574185260117899 0.7167613962554699 0.4537560773452755
1 0.3108839626061242 0.3213502200023224 0.2961384132671111 0.8225475223055283 0.2751106411507549 0.6439043454522001 0.3414360437085283
1 0.2790769130973957 0.2920856904090627 0.2801056191070641 0.8086350520351169 0.2487946873586747 0.7680983647691675 0.2718081466642997
0 0.1722729419059429 0.169565716317999 0.2308640746078506 0.6989246772937256 0.1554137052816985 0.6825549691226986 0.1896671118051416
1 0.7602121844891729 0.6666820096104888 0.5074426299678464 0.9007847899998006 0.660715714183705 0.582727226283901 0.5640444576098571
1 0.2730826910235619 0.318487973927815 0.2401290237031249 0.8594308874005157 0.2434759693428224 0.5557915866198222 0.3006697452083752
0 0.2626154535915291 0.290097640429259 0.254276588229024 0.8269922642946835 0.2314146557811471 0.6461091753863155 0.2681161553563586
1 0.5229802356195745 0.4627201434574602 0.4528887573805451 0.8263597509612398 0.4482247986734265 0.5590584926559118 0.428315198210017
1 0.7995442001335495 0.5643780142969662 0.6676230533104801 0.7716478594212012 0.6804397892715747 0.5514938209084697 0.541295615388427
1 0.6266178078794239 0.5667333149165663 0.470958068426698 0.8752285932137951 0.5380916986012265 0.7950549682662426 0.4942818865731553
0 0.2472984756272059 0.176965561040406 0.3824462999780809 0.4815587559078059 0.2171838129467863 0.7739324109865785 0.2364365035197835
0 0.2452336401793379 0.1468032200322334 0.4236050894369474 0.2639134537388105 0.2091323606185387 0.861357640364564 0.2038886854103014
1 0.2267884126681293 0.2703624958572103 0.2203334330356628 0.8358612924588251 0.2032385388649545 0.5306082517180756 0.2714498176486125
0 0.0682061890680148 0.0352361337323866 0.1680511048091761 0.409090903089791 0.0624531438681678 0.6215396113928662 0.083015891294423
0 0.1522969703329199 0.1353593364267376 0.2244294817660451 0.6381063356673591 0.1303272836185625 0.7394327908351219 0.1443791340077039
1 0.3567919784412859 0.3070075453788121 0.3844233525203192 0.7351288669797293 0.3006690445020985 0.6636805804914647 0.2880892703972089
1 0.3695815596680339 0.2649252283587098 0.4855995745476384 0.5494906403252544 0.318588483723292 0.7419969662788346 0.3044285925340083
0 0.0896032252217876 0.1064431699591652 0.1216645506975396 0.7297766137971063 0.0760374907766643 0.5569480647073344 0.097084513722417
1 0.6215296336926452 0.5569283118857306 0.461619002377531 0.8748915156251456 0.5338359309420101 0.6961661738478774 0.4848470114433253
0 0.3508263684059907 0.2098484849651342 0.5255443959543274 0.3069947349335036 0.2960126873428065 0.7913502422446889 0.2682580440269998
0 0.1380529438137937 0.1635788538633365 0.1570170730547801 0.7776595673039928 0.1183770245717595 0.6058614337406738 0.1499503084891895
0 0.1129840293809024 0.0987903379872288 0.1915796544007543 0.5998864593921776 0.0980500821174398 0.6995919819196917 0.1196270161482364
1 0.7180666517218354 0.491020312679545 0.6573476684427917 0.7147035311590627 0.6114947666991962 0.869071997346874 0.4828749994106834
1 0.3801823199465801 0.365543702104881 0.3568535692556413 0.8158525625204276 0.3259537777989352 0.7032418855319583 0.3254901620211682
1 0.3428102289420967 0.254583369276167 0.4652416381969902 0.5547468799469669 0.2962823911646395 0.556385499711226 0.3057108813337702
1 0.5540862901841076 0.4775253526061787 0.4664890149113723 0.828300279140287 0.4781698553622291 0.8441689826652825 0.4385234868394783
1 0.9428094457693408 0.6072622589632525 0.7690995654985503 0.7439154948865413 0.7924620649164148 0.8451585291279425 0.5741454880238843
1 0.3916032919965658 0.3074055732718896 0.4371781611615423 0.6844189867824736 0.3284049095914756 0.8342454089905446 0.2963847073550076
0 0.062960648669274 0.0613939099936417 0.1095151293051115 0.6471207207280555 0.0547150239211672 0.7378274501569287 0.0665813354058034
0 0.2295303996947438 0.156123485340389 0.3781554536261548 0.4179354690340886 0.1992683399582669 0.7712168517832689 0.2073719320299093
0 0.0875479271200992 0.0981707860120025 0.1241261739795705 0.7099881595634269 0.0749904053507247 0.6962145379131355 0.0961990322219063
0 0.1347959400934846 0.113922890635243 0.2151040348652729 0.5996010331417908 0.1151524774077864 0.765041810267871 0.126883539449814
0 0.3381512353333969 0.2870916696971327 0.377301397550268 0.7162959714686072 0.2845820047762993 0.7115515337368481 0.2708173308625334
1 0.7240751798149385 0.61422079336908 0.5290248698474755 0.8712654104291898 0.6159488459921135 0.7885683637702614 0.5461568655381616
0 0.1022592836020223 0.0937256315858726 0.165958874502805 0.6319935679128469 0.0879956822888153 0.7494079676222765 0.104489178415715
0 0.067109394257369 0.0274822382648848 0.1977987178586756 0.2587625819343841 0.0661615714183705 0.5859619283789016 0.0837570792315696
0 0.0628462005151197 0.0757112082571919 0.0910539251915247 0.7134949413499917 0.0541438864161093 0.8352744406669708 0.0729759451555531
0 0.1710473929218735 0.1599784553835607 0.2384364685478656 0.6705968236342951 0.1482982838645181 0.7437302383473972 0.1708497882068371
1 0.4891083506629781 0.4342615144741075 0.4330802293682673 0.8184318010851471 0.4150750259840208 0.631938820270298 0.3885026801637001
0 0.1230983850042926 0.0817275664433449 0.2379413667107221 0.4410395352837667 0.104241371321575 0.7848153746293638 0.1140548797096617
0 0.1189591767623771 0.1667276458003021 0.1108212552870791 0.8291923417117079 0.1029483794698466 0.534446336070122 0.1647702194037655
0 0.2622148850519889 0.2186889917117066 0.3467907100498852 0.6403113990872157 0.2272858075674989 0.6324727539328876 0.2414083787347637
1 0.6853154049413336 0.5433658994033224 0.5532895421399605 0.8220718423138633 0.5840206729663041 0.6653177388829018 0.4861576779772153
0 0.1236897004674234 0.1612950487108586 0.1321999918571433 0.801333519496851 0.1064346979903046 0.6170586420141966 0.1338298315901589
1 0.3806639559286464 0.2785771962943262 0.4650025775543707 0.6050629832765553 0.3220549710803799 0.7836284042923499 0.3007019707708598
1 0.4858275035772202 0.3948498017981178 0.4745533824807763 0.7560758374713182 0.4146109767611612 0.6567756385714499 0.3872506930122448
0 0.0968849890298578 0.1395540728660119 0.0977990518841176 0.810370008246467 0.08992723760106 0.5583189277772533 0.1357494169614452
1 0.2576560335781742 0.2713619767405342 0.263438017340082 0.8020579405588634 0.2259174572949642 0.6941267262382795 0.2548065170716594
1 0.8646699685204617 0.6745033363680302 0.6070107793881353 0.8649772344756663 0.7395247574163553 0.8031747196508118 0.6046679054822799
1 0.3955517533148908 0.2980675313350593 0.4804323303602243 0.6222575180277289 0.3426159212624664 0.6739985739920129 0.3307741923115594
0 0.0892455747400553 0.133496437265932 0.0851062889717878 0.8163648950932251 0.0800116559160259 0.5676142557773959 0.1193485295709438
0 0.192530265191262 0.1597902542366404 0.2934313002530961 0.5875894067709392 0.171020830853942 0.792217655123614 0.2008811265712503
0 0.2234264981398454 0.1957694370335625 0.3036232997112553 0.652625453668422 0.1914072667983719 0.8733664603712525 0.2074724565457196
0 0.0943909730039111 0.0583079034253362 0.2192632807926053 0.3794244144313726 0.082066164441165 0.6720834193309226 0.1030500906104309
0 0.3021334474864066 0.2861794495513735 0.334742741718413 0.7556872014512913 0.2638187767278381 0.6072523499358853 0.2874659222034764
1 0.7294542430601928 0.5189208549243405 0.6383799511022478 0.7536493883539587 0.6171506144923397 0.8989480247098304 0.4866723250198804
0 0.1299795802728226 0.1120011934511523 0.2133041718006544 0.597526735347697 0.1112972992486452 0.6482044153637667 0.1364814663062454
1 0.6891398807593246 0.5485134296082916 0.5606310533514667 0.8213240592451193 0.5991240869889478 0.7328584972568936 0.5010886949355816
1 0.3527243002957169 0.255662470871232 0.4547276054403003 0.571805299591732 0.3007523353882528 0.7482173083704436 0.275351515601976
1 0.2524438738910617 0.2143264206176049 0.3416028324840718 0.6386095275066221 0.223220419076635 0.5343003770561721 0.2495508645153965
0 0.3798437441572069 0.2783526895094034 0.4659018282870188 0.6035128970969851 0.3224912566745214 0.7347231526271939 0.2931563793640095
0 0.1567604483449394 0.1279354220016605 0.2504667251884671 0.5756982464011702 0.1343093812232721 0.7491497721131304 0.154564335667027
0 0.0470714299341791 0.054418900045159 0.085617247259773 0.6723425032561168 0.0448351383301993 0.7176413505669894 0.0635098064203275
0 0.1087780597157302 0.103952320715822 0.1686300329191643 0.6531665009884873 0.0942504312157348 0.6535853921792486 0.1162438130658942
0 0.3022335896212916 0.2645938848167249 0.3499778592505669 0.7128422525529798 0.2562234411571021 0.816900372903392 0.2616575754601841
1 0.3002927396737574 0.3613938576680393 0.2393669812797039 0.8870974934198905 0.2565209086076532 0.7622446604322142 0.2941794207282606
1 0.4943777344271678 0.4084680261027973 0.4679454480347261 0.7739399537731327 0.4310589436602956 0.5901992121263456 0.4042523226048851
0 0.073890447391014 0.0313388726927417 0.2004888698254742 0.2765365932271894 0.0673554074532486 0.7972068718186758 0.0798645198705524
1 0.8107553505675856 0.6859925570297801 0.5510488648084043 0.8915596953836574 0.7074101714548672 0.7657813444238604 0.6130301984577706
1 0.4955889773919679 0.5039992458678817 0.3625849277425089 0.8957865902866688 0.4258195502979237 0.6800226070032769 0.4390746882515289
0 0.2095878088333492 0.217469541130717 0.2439430521419041 0.7578403168828309 0.1826696562175199 0.6185433611028903 0.2152484366754077
1 0.9999 0.7092415505232036 0.7013814056007285 0.8411597998234085 0.844725112861892 0.7282637333047878 0.6364230709503488
1 0.2932064914623676 0.2991983844622459 0.3009770149350995 0.7986983672867731 0.2555690127658899 0.5004359283468118 0.2831366343240106
1 0.4331479719545931 0.3481484589015085 0.4532169171589429 0.7227913737843602 0.3675595585493379 0.7451498078208917 0.3411118641695037
0 0.1985292559381856 0.1464522236390433 0.3260375301279721 0.4909276459328565 0.1734441990177643 0.829060003911339 0.1863089196071159
1 0.2814326376037394 0.2310873047042786 0.3659294614179836 0.6393903495676531 0.2439836471250962 0.6476660532478129 0.2509452213160377
0 0.1840801764761995 0.1392300182302417 0.2989166231635491 0.5200917968433765 0.1558301597124699 0.8277329886742586 0.1609252769186585
0 0.1200702775922922 0.0794475787772723 0.2394593669554097 0.4271180302262687 0.1017624759003165 0.9999 0.1100468854979532
0 0.2461492254125727 0.2584756328861303 0.2590034231586101 0.7924648401410147 0.2083351478510619 0.8315837702667235 0.2274489384363819
0 0.3123002585137842 0.2807851544286907 0.3518080919748999 0.7329625115020947 0.268130071644491 0.5657409870872468 0.2836373329888838
1 0.3433872383859582 0.3152972187923876 0.3573689565419705 0.7685276045053777 0.2937202048572268 0.6910546502054452 0.30079720452268
1 0.2760201936468568 0.264991586337 0.2987736314274971 0.763783087856901 0.2368840906386118 0.6341650200155429 0.2453980957617794
0 0.267231529142421 0.2533535715501254 0.299485182237197 0.7487278351910641 0.2281385475924118 0.7327747253150102 0.2548151746854613
1 0.3049326585900982 0.2639573745417723 0.3648045213668398 0.696222110543885 0.2721082030165266 0.6645723630307504 0.2961293077478533
0 0.1744999122388629 0.1477457658992304 0.2610815154345189 0.6096984093125616 0.1519472179246106 0.7290729069746794 0.169250534546219
0 0.0861936239626061 0.0661536156340667 0.1667568419800161 0.5463805774577176 0.0754346234102143 0.6825810241409302 0.088924231735636
1 0.2774841762854144 0.3005818533777372 0.2622343982458895 0.8300094952546369 0.2402752195748934 0.7272865571055632 0.2601675039291781
1 0.1860973251931698 0.2902289154997983 0.1246188058921794 0.913726629442984 0.1693550131308563 0.5584033119780504 0.2687938541256249
1 0.2874554717161117 0.3164253583221239 0.2721000811186668 0.8358719229624116 0.2639893247328208 0.6610488261471839 0.2924474169893475
0 0.1281674844987121 0.1372071619320351 0.180944963062604 0.7056274950453688 0.117639305294393 0.7343236833112001 0.151835744383813
1 0.4419461738052084 0.3475084994918288 0.4713368620883056 0.7056569726070615 0.3838885384682519 0.6490962615428678 0.372870877465929
0 0.3050947934751502 0.2720833887734498 0.3395692725660333 0.7335900632818866 0.2586904378803386 0.7330335264996414 0.2682854598040389
1 0.6441760621959364 0.4770530237873469 0.5825047704280415 0.754789771469826 0.5449969096866843 0.8896860286116438 0.4471863914053107
1 0.2007705322903749 0.2578478522738689 0.1839953038001628 0.85300930856965 0.1767361721371956 0.5088625048374288 0.2338401813363198
0 0.1117918611084613 0.1382614873095859 0.1338806273533664 0.7676450934137202 0.1020639095835416 0.6178134277811274 0.1486944735093778
1 0.3404640417819327 0.3004924740025911 0.3835274818353676 0.7278315934886688 0.2998599330365997 0.8972620238572816 0.3029606460160515
1 0.6567224410951064 0.6097259206654495 0.4547645324040195 0.9000227106803733 0.5605405755361437 0.8426087626162363 0.5138351073446166
1 0.338756856815797 0.3168489567922444 0.34580722229861 0.7797862075331784 0.2917727846142861 0.8223512832926134 0.3107919386783625
0 0.2680278975484117 0.2178804928166932 0.3503346123279029 0.6340794464686673 0.2334136370488499 0.6988536064472388 0.2734227916383434
0 0.3006217781169512 0.2425505515844756 0.3774984399319335 0.6461780450935614 0.2568183760582042 0.7420659386719133 0.2512775774903196
0 0.4257565286654583 0.3661187302997885 0.4167061077575881 0.7724351833342414 0.3656874967272034 0.662939073501197 0.3472813759604056
1 0.2304841343126967 0.2371459189045085 0.2508821351729542 0.7757464841447841 0.1982807480224375 0.7096289485786859 0.2215925436779801
1 0.2581090575217018 0.2552613248805495 0.285228202435134 0.7648551795224061 0.2244658161362752 0.5651718759680536 0.2423963086652628
1 0.8721806286368406 0.582451699360032 0.722543371370884 0.7525019508346076 0.7404925181888146 0.8600981798888112 0.5465363576098088
0 0.1012626309262615 0.0671155684389783 0.2082298751960608 0.4521411778340513 0.0886183808186355 0.8379450701605798 0.0967920787673325
1 0.2448330716397977 0.3012273019141154 0.2084274513751434 0.8683729957944638 0.2085453581827847 0.6113416469731908 0.2485764019841448
1 0.3935536792902795 0.3064118098077925 0.4499931682717333 0.6696495368843999 0.3357067439443347 0.8431994278825761 0.3169287439282351
1 0.4915356052656682 0.4669886067224934 0.3956164556181863 0.8610867342142019 0.4267278175802728 0.8138726252937264 0.4234962741722026
1 0.3442599055613851 0.3259301902357716 0.3391529874520891 0.7940737217093256 0.2940771657978879 0.87172163667377 0.2938523553179687
0 0.1673612086234856 0.191483904043392 0.1848144275535118 0.7849207603247396 0.1431778774823665 0.6273405978233945 0.1787705428784338
0 0.1892446494324143 0.2016820551821274 0.2138082004745609 0.7681736357930443 0.1600859273716865 0.5805396229894823 0.1842960243981874
1 0.3200064342268434 0.2576617193639662 0.3973664182332303 0.6490986219240811 0.2771135886511318 0.8039521568030864 0.2817302530597557
1 0.2868403128875322 0.2397845489495585 0.3618152994296247 0.6603571320449966 0.2468393346503859 0.7091023291059189 0.2448290981435805
0 0.2959580158351617 0.2375870505517371 0.3734916371961566 0.642030407913241 0.2496712247796317 0.7104926791262208 0.2410437969979973
1 0.4356133759420013 0.4476405510481478 0.387688342636133 0.8541128435109423 0.4014946453081983 0.4889450837703721 0.4181905998473069
0 0.2702024124773443 0.2222841285799252 0.3575604116910253 0.6332355243332207 0.2312837701029046 0.6727486441272416 0.2344717061653098
0 0.1691971477630449 0.1442978639777694 0.2518103624142929 0.6161062036955848 0.1442844563984163 0.6995492247416217 0.1662920355187116
0 0.2577084889821616 0.1640783365365623 0.4220800844277655 0.3509973867469936 0.2195278564571283 0.9062340001496492 0.2185493924266325
0 0.1617341743775636 0.134345626000176 0.2584332173729946 0.5794379538983309 0.1367010195257023 0.7595416338835933 0.1451145502023159
1 0.5031044061814366 0.5022179794248718 0.3714665142030119 0.8909324989319521 0.4284531287934687 0.3444750856937763 0.4302285308602242
0 0.2552049356100352 0.2196735623202704 0.324950848522337 0.6698117555656219 0.2175844024468617 0.655350032093394 0.2279082729464241
1 0.1952722522178765 0.1788332968414339 0.260383121110541 0.6774696137172002 0.1697238727695395 0.6783862122896254 0.1905420117776722
0 0.1058119450538968 0.1364921402760026 0.1221248619079671 0.7789148941660897 0.0953927062258507 0.6603141944514602 0.1226355369443767
0 0.1650150214633215 0.1651289162064027 0.2180134591082159 0.7075396491357268 0.1416746752989154 0.8251498990385018 0.1730392025416141
0 0.2204508461318324 0.2095799722689248 0.2669709224160723 0.7216633032756826 0.1901063424812954 0.7433266192765413 0.216875106113065
0 0.113537195459315 0.0723993890240599 0.2317899486659491 0.414727123721711 0.0974035861915756 0.7632443739040101 0.1088271239089826
0 0.2740078136029762 0.2217541275231521 0.3616595008580663 0.6267746116611181 0.2334810630043081 0.8023536738636258 0.2390198392825443
0 0.2052149356100353 0.1787395387067658 0.3037725708095082 0.616726521777904 0.185886270916145 0.7591446487148781 0.221782530203076
1 0.3100065267576075 0.3304931030527045 0.2792060514232361 0.8418895589564488 0.2685623910059584 0.5787899077092956 0.3043694321730292
1 0.4637580845177907 0.3603643121358068 0.5132787974693401 0.6833909134211471 0.4179822745340728 0.57811955003269 0.3898263331182929
1 0.431531391777163 0.3406721764767454 0.4629918705334924 0.7046388174632027 0.3745401280556018 0.7962273716689497 0.3523436751417607
1 0.1720440455976342 0.1893473598801223 0.1993602778083365 0.7669089057762111 0.1515386959591872 0.7848808139154474 0.1866763872151496
0 0.1913619402842697 0.181087858783498 0.2491137142390562 0.6961397510351889 0.1633501368623997 0.6981348364268947 0.1783059176044016
0 0.1940705465992559 0.1665488126800262 0.2720165230352821 0.6364172656775612 0.1641592483278985 0.8401893238631221 0.1698200131429624
1 0.2751189144328913 0.2785733891730754 0.2867203583945566 0.7897128338887542 0.2486519029824102 0.6715061337871598 0.2978685261649346
1 0.1043718057807879 0.1742211665135277 0.0827009694136679 0.8623337646544569 0.1008383436872714 0.7274900816242935 0.154719210758371
1 0.4658515320041972 0.5086562959250088 0.3249082393840702 0.914141748815092 0.4045050159077746 0.5737974739118394 0.4344015007127123
0 0.1336323838595821 0.0988492895443651 0.2433516484892718 0.496599185850611 0.1151961059672006 0.7372046116721692 0.1384255815833036
1 0.6067896651721835 0.5669491932286187 0.4409836184372808 0.888503598376783 0.5250269281730258 0.5154923669469185 0.5469216214239909
1 0.2378421968902032 0.2152399301885851 0.2994919262699062 0.6929808647845755 0.2053565071128777 0.6328119036762264 0.2205541110003036
1 0.670351308785653 0.5173411859426305 0.5651185692013172 0.7980315501234492 0.573783826434675 0.8770291336416589 0.4916918171107709
1 0.1380767871792425 0.2195592125105275 0.1108553884910762 0.877623949493618 0.1289747982767238 0.538213979924382 0.1938934702760744
0 0.4065292387675284 0.3052436863058476 0.4681786460844339 0.6482542368841543 0.3412396385245836 0.8176336396347985 0.3049446825123071
1 0.2970738853381665 0.2333788278803678 0.383722964128827 0.6208142454269722 0.2522373773197185 0.7985211042307586 0.2441696765590069
1 0.5194847982447772 0.4861437711470683 0.4150738762998029 0.8615640213319841 0.444294262093479 0.7957734815328489 0.4226112736502366
0 0.0933370962510731 0.119282654893504 0.1136985811239171 0.7627554073124045 0.0804598402081895 0.606481645437189 0.1091436077912943
0 0.3212605952494515 0.2739422332153762 0.366868197957316 0.7086349316637016 0.2720011147343282 0.7116941681190604 0.2715513041215117
0 0.2980037765906705 0.2794338488467671 0.3212141504347982 0.7601212216599202 0.2569770253651647 0.7217984854530776 0.2681074977425567
1 0.3887945435466947 0.3319989124051133 0.4158629287004306 0.7367023575446102 0.3299914026610811 0.7377228394672035 0.3202470149070636
0 0.0581919755795096 0.0089081871583004 0.1849388568500961 0.1569340719942004 0.0506099731035631 0.9097439620022394 0.0554260000221294
0 0.0888926929314127 0.1733871947330528 0.0517056581092678 0.8873154431925914 0.0887492664968779 0.5813901559559808 0.1357821235024744
1 0.2182858685490794 0.2482255498615848 0.2165859187381279 0.8184856626293072 0.1884563896889058 0.7585081671703742 0.2243038197335904
0 0.0636997929981875 0.0847982779305294 0.0777326592758215 0.75144019465258 0.0556034600401463 0.8801445659446192 0.0725435454440055
1 0.2842556920728799 0.3709718656290481 0.2058668529880334 0.9102243935740062 0.2483504692991851 0.548184142332975 0.3018115882731293
0 0.24499043785176 0.2052686743550644 0.3283039981069013 0.6383701195033611 0.2105443394504875 0.8018450095967186 0.2106079556776202
1 0.2922813688829533 0.2768490240596401 0.3287925885334236 0.7499873249335904 0.2496117312895215 0.7021165909540118 0.2720967337910278
0 0.1229314814461509 0.1189348075638179 0.1931812660798851 0.6490538408054776 0.1087430454065805 0.7247056860854416 0.1328337250244025
1 0.2955812906610702 0.2788010688613576 0.3316288601571951 0.749710812854334 0.2569532279691206 0.5632468198294712 0.286367848186276
0 0.0963318229514452 0.068604154921092 0.2096485211415879 0.4550595623880723 0.0910695126111759 0.7335262391176368 0.1134425940224537
1 0.411069015548984 0.3440709338320078 0.4309245250704767 0.7375246535651253 0.3490848467537825 0.778925847659747 0.329161471251694
1 0.507772937136316 0.4338705303513404 0.4559641243538077 0.8035327623818551 0.4316697434920937 0.7998937579934152 0.3979034058168673
0 0.197570752647143 0.1718627593275571 0.278534649005945 0.6384460374680256 0.1690337482842612 0.6975186472056104 0.1863834712815206
0 0.2798780501764761 0.2944006231570441 0.2912622822847448 0.8018887554912065 0.2403386792976777 0.5315181430765685 0.2694239360189812
0 0.1844998197080988 0.2177516944998236 0.1891806001499865 0.81124650320983 0.1580314188465474 0.8515947989188637 0.1901798349336285
1 0.3889185290470285 0.4736402418597771 0.2614412337980978 0.9275045151256728 0.3383760185339458 0.3126431654099422 0.3877855411537808
1 0.4341398559572641 0.5015607035993774 0.310230146484116 0.9175726892444236 0.3947361848316791 0.3213790687096967 0.4146443450383633
1 0.3236401631212439 0.2945960207011751 0.3587917337525156 0.7436547199296594 0.2828487610977555 0.7375557278952871 0.290520616939893
1 0.2150431708480396 0.1951479824046619 0.2876333986547858 0.6723983598533876 0.1852437412229547 0.7647059500446478 0.205775083262014
0 0.0982154488219021 0.0331439096741497 0.2630037007157506 0.0001 0.083525738065202 0.7954314548309571 0.0920251004123292
1 0.3781699399026996 0.4160578157798061 0.3007505267848966 0.8834591294049416 0.3366150112266838 0.6748785897488715 0.3750088270964396
1 0.2285528217113421 0.2846449718659326 0.2120969397498439 0.853680283723567 0.1984830258888122 0.6026548779999089 0.2543096662351426
1 0.4180360469331298 0.4314026499016941 0.3488132191280045 0.8660357796653502 0.3596151945032886 0.6194595264693953 0.3851247678453479
0 0.1238422980062959 0.1248121102057646 0.1791853777523693 0.6835075767597233 0.1103810995009481 0.7961348613220637 0.1345200358015836
1 0.7029833387389106 0.7711307803156047 0.5980988416252714 0.9039294582371076 0.7688074532485977 0.2570311922940559 0.8037261669069635
0 0.2081905876180482 0.190809055264509 0.2695771895959623 0.68753307561503 0.1766370163203452 0.74882646648936 0.1909027456860823
0 0.0281779471525326 0.0507048169394309 0.0364839121880713 0.7466762881741947 0.0294540880203746 0.61134334549792 0.0522799193622488
1 0.3717036191929791 0.360058362056287 0.3521428781842112 0.8146562494597483 0.3272190060219456 0.6303254916980288 0.3483010504748449
0 0.2946227873700277 0.2838218691160392 0.3141705650142906 0.7714888631419402 0.2601460452717016 0.7382438081632545 0.2744544906163962
0 0.2021343727940475 0.1601996541294222 0.3097907491753947 0.5615802416518049 0.1722225993541681 0.6044697867848227 0.1988807368044801
1 0.2350286797672422 0.2583881603107204 0.2522078260779861 0.7983201058689122 0.209814552638469 0.4669993762006597 0.258883291215238
1 0.3800011103691691 0.3431607744085294 0.3826596502867485 0.7765364485692948 0.3245378327343123 0.6377007932994851 0.3263020538043633
1 0.1682100324334637 0.1862074226355242 0.214702727343876 0.745581783130153 0.158773104356588 0.7283683001049849 0.2008859363566958
0 0.2286338891538681 0.2154852749505666 0.275147342410191 0.7214559774867866 0.193200003967026 0.6806297023143822 0.2056923549523519
0 0.0393366421825813 0.0374698659895155 0.0783774145604695 0.6387725627904657 0.0367360912098636 0.8958687178772762 0.0486119769815349
0 0.0390982085280931 0.046645750007514 0.0689332457790217 0.6824678737383097 0.0383939764676013 0.6621612501210771 0.0637522196067791
1 0.5565183134598874 0.5664056953154674 0.3779425811823431 0.9141846343072508 0.4861935440617586 0.7734786261853449 0.4827648553239821
0 0.2173321339311265 0.1301588661951179 0.3855808668345884 0.282252236206281 0.1833042534453621 0.8345566164659523 0.1799744321754344
1 0.7358156529619383 0.6023204979351439 0.5417635037703061 0.8601068387775928 0.6180985441014288 0.8768964029314148 0.511337385762785
1 0.2491916388438424 0.303945903013129 0.2378003346221466 0.8503297468685087 0.2255842937503471 0.5955865595068006 0.2819856526669101
1 0.6034372879900791 0.477613936067023 0.530332609842375 0.7897570168174136 0.5135724482104745 0.7491882259229911 0.4526729136629561
1 0.2553861451874463 0.1962064899924923 0.3589912503612205 0.5743715947604108 0.2239740032846976 0.7463719753647965 0.2530394018989945
0 0.1029793532385767 0.1531920192093029 0.095976793422006 0.828618684074983 0.0886937392394417 0.5153113445891375 0.1311445283759541
0 0.2521386788133168 0.228522800543436 0.3044892978192026 0.7085096279848138 0.21244416490134 0.8299116714221335 0.2120047173709842
1 0.3440453152723456 0.3386163922852618 0.3258258357099489 0.8155250233719784 0.2938272931394251 0.678309225668754 0.3145676202530549
0 0.1803749174854526 0.1421183540464682 0.2876837700852087 0.5495742369624727 0.153827212212093 0.7127515546249795 0.1723004194971903
1 0.2178709939902699 0.1803521039680317 0.3041795120305666 0.6197259292854322 0.1857871150992946 0.7637604840293236 0.1964027353429749
0 0.2996203567681007 0.3209755769343306 0.2726710765573127 0.8390733996850752 0.2545655558993645 0.6114826903600173 0.2762807661500405
0 0.0883872135838977 0.1017702568104499 0.136596679824825 0.6987348245190043 0.0806303882131721 0.5901630822669868 0.1277618062721565
1 0.3977310369169131 0.3195782270039221 0.4324817148226912 0.7059307365984542 0.3376343330239053 0.8563696767155232 0.3120492165938078
0 0.0864511323094534 0.0597218346229759 0.1763684458872489 0.4999957702918114 0.0730628162711541 0.8211980091406372 0.0803123108955254
1 0.3860048697891824 0.3093739547231919 0.4349567903159343 0.6894966561111919 0.3370314656574552 0.767788432284545 0.3307155129291246
1 0.1725781369836878 0.1492987376116026 0.2517228589340932 0.6281042819606697 0.1470171907108117 0.7790247373495118 0.1622994326204286
1 0.4551792416293045 0.3460072269675481 0.4919923923634225 0.6842830134813109 0.3851854965526543 0.6412741447972067 0.3331526312143433
0 0.1411621186683201 0.0976942670794608 0.2601970171300051 0.4540672565475522 0.1219109378843056 0.8153115851606424 0.1321622789762152
1 0.5851494266908328 0.4843253898066177 0.5260760251959197 0.7975314861493168 0.503200749767929 0.6810460822654721 0.4515137553705983
0 0.2808460908136983 0.2407890233756311 0.3421870638613601 0.685154481693208 0.2374353969802997 0.6736432180405012 0.2588313455324271
1 0.5380778546217685 0.4294148090388827 0.5007449822751796 0.7693533348207495 0.4645022175675783 0.6965370535254041 0.4605224835099599
0 0.2197689258799962 0.2233808276160563 0.2757124525960671 0.7324963503912858 0.189388454367299 0.8163955818873213 0.2321375172886241
1 0.3843310655346751 0.3526084345916341 0.379468632847503 0.7881118803746361 0.3326805084140623 0.6972971565086383 0.3506924757983315
0 0.1621538176094629 0.1559914883368382 0.2244357072035203 0.6820759305591633 0.1402071692095303 0.6971310697571983 0.1744273066211762
0 0.2277469159591719 0.2376061553453977 0.2511027595829107 0.7760855111480748 0.1960358603289458 0.6072161366864235 0.2298523882234823
0 0.2906409453400744 0.2136007246663311 0.3973759267686295 0.5579691335830338 0.2449514078975555 0.776521144815622 0.2343168310739657
0 0.1711236916913097 0.0984112211889869 0.3728376556204181 0.1158653446337182 0.1531688175882068 0.5788702299342867 0.169738727768934
0 0.0135905761709434 0.0257171603793146 0.0188437473029284 0.7204362396659908 0.0166669538793548 0.5321215758065714 0.030848958352877
0 0.0769471668415529 0.0452961345935975 0.1783790209646497 0.4305364070368266 0.0674267996413808 0.9754638031149492 0.082517116543728
0 0.246487801201946 0.1939550677852932 0.3417233198258449 0.5951185530278983 0.2107704147129063 0.7734575372671938 0.2291463117200875
1 0.6814909291233426 0.55783580072715 0.5300997602955483 0.8426362026933917 0.5876696070263966 0.6621353618830511 0.5129236530027002
1 0.3643455566154727 0.3149912683241745 0.3904864401434881 0.7392520777990035 0.3068325700775157 0.8895682708138393 0.295781560260146
1 0.2786525011924067 0.2789280971985304 0.2917266622304554 0.7857825156922834 0.2388949706043367 0.6086414951886467 0.2651273546805446
1 0.3988755184584566 0.3612815240104127 0.3825154544230461 0.7937779550856249 0.3378921381477162 0.5291375641114479 0.326238564636483
0 0.4105063121243918 0.3274852576528209 0.444461883424513 0.7049207474808094 0.3456262918620427 0.6809072552998043 0.3267392633013563
1 0.5627986559191072 0.3157798074298449 0.7275081726727263 0.2990806803415376 0.4767975388570205 0.8129432711240906 0.3862969125584084
1 0.5008154430983497 0.3710015614080207 0.5238627619901788 0.6875403631006992 0.4228528082577615 0.7447463160296667 0.3728102741693161
0 0.2581948936373175 0.2010410262180668 0.3538325664371685 0.5934722120555056 0.2207811859821166 0.7719878371749437 0.2195382843142207
0 0.1834077935705428 0.217278651780975 0.187790494439173 0.8120026136693778 0.1599629741587921 0.6311281938570332 0.2059410208598826
0 0.1895879938948774 0.2031639304858259 0.2157354452144926 0.7681224506191524 0.1614701425749173 0.8438331685260636 0.1921446322881022
1 0.3151996117523609 0.2690631299349628 0.3716774708848951 0.6964983373827048 0.2686655130554828 0.7414958027322439 0.2709563336619074
1 0.4731142211199085 0.2777966926451239 0.652116885439554 0.3076489379497477 0.4053220598386214 0.6988082093140663 0.3629805156544132
0 0.235558002480206 0.2146556250508282 0.2921859970591483 0.7006344475894953 0.2038414062314045 0.6721737220345555 0.2138002102777773
0 0.130113103119336 0.1493419202704923 0.1742711621456844 0.7358514690227287 0.119396346368981 0.6664482124251392 0.1428856956268861
0 0.0717063951159019 0.0825415566676523 0.1019618321756487 0.7110702558335033 0.0598711263973849 0.7513751138181051 0.0688198095521242
1 0.1982431355527997 0.169432604282952 0.3011702713994578 0.5990656319524249 0.1735869833940288 0.721654742860286 0.1942378509139699
1 0.2509226671754268 0.3210455609027967 0.201976846331826 0.885382298665989 0.2254930703988448 0.646419959327779 0.2867184815452506
0 0.10837749117619 0.135243736579361 0.1243874584931623 0.7744129981431633 0.0922276525519878 0.8016367801205986 0.115203937452584
1 0.6849863664981398 0.6399880677463814 0.452879114033332 0.9115613187603198 0.5893988844722665 0.739793281861397 0.5591432862409251
1 0.2886381026423734 0.3260095472838949 0.250588408913382 0.8578356305454028 0.2508848919778798 0.7693408729147728 0.2807120214809501
1 0.4000343060192693 0.3337727165846997 0.4192150505600376 0.7358219784214733 0.3391534001380525 0.7906532129019846 0.3243521667847704
0 0.1884053629686158 0.2172307116457304 0.1987149528720656 0.801908362103847 0.1649445623973531 0.8574104422572307 0.1904304247553374
0 0.3090670981589239 0.3118577351902893 0.3052721554735554 0.8072866878923222 0.262593210831568 0.8167685836235212 0.2701232788227524
0 0.0767373452256033 0.0729091745313023 0.140543058758185 0.621215634139434 0.0661496727203484 0.6648448006916968 0.078638024581958
1 0.8020525221787657 0.7046656869639706 0.5105920763197936 0.9123442907192704 0.6811497449202231 0.4961827478123661 0.5995065247207481
1 0.5703665401125633 0.5043458314991353 0.4608140958207308 0.8479406104601495 0.4934795134839216 0.7765340856429203 0.4427710083663712
0 0.091052901841076 0.0894924494928831 0.1545476011436654 0.6409062460135178 0.0847671688921683 0.5872745741845511 0.1107976930059908
0 0.1727879585996375 0.1614766628020889 0.2356819227141415 0.6773641888518266 0.1478738969683986 0.8054146743740973 0.1700768556857504
0 0.246993280549461 0.2186089243913706 0.314184243824084 0.6810833525177695 0.2246165329778878 0.6409834885932332 0.2445982284421982
0 0.2081047515024325 0.1992253786871178 0.2815968749825023 0.6873566747792993 0.1855451749061798 0.6970588714838197 0.2250935865037362
0 0.0630369474387103 0.0633475733142356 0.1069360318687696 0.6571301173385562 0.0547824498766254 0.6951722954888147 0.0690554890389521
1 0.8032923771821044 0.5869362102778294 0.6431508904339026 0.8012731300215559 0.6945952736851292 0.9035441514317772 0.5521666924522738
0 0.0674432013736525 0.078618664803504 0.1054439263920689 0.6969821328722777 0.0608111235411261 0.7530607591654781 0.0825671383123608
0 0.1737035438328722 0.2266735802770349 0.1549690567209311 0.8491999844765558 0.1540810511032299 0.7051980615402911 0.1958751018796071
0 0.1309953076409424 0.1488078885938244 0.1739919270087939 0.7353131306718387 0.1151366124770904 0.9602547408760824 0.1488185659738709
0 0.0667708184679958 0.092124960080276 0.0789714874870211 0.7627917730231549 0.060473993763835 0.527020969684202 0.0864221813469035
0 0.1257068491843937 0.1238309239497121 0.186702169563574 0.670192841678778 0.1062919136140401 0.8165187995423951 0.1368104556307154
0 0.1573231517695316 0.14610799957868 0.2202549298216397 0.6680457358557514 0.131953439014908 0.7864178164042398 0.1426163476419399
0 0.298380501764762 0.1817589867310414 0.4710832185362373 0.3118637027994488 0.2517257333047707 0.7268092804345265 0.2312073047834706
0 0.2279472002289421 0.1483549777258838 0.3795932643618083 0.3837502910257807 0.1920894588183022 0.875434370339687 0.188355002335618
0 0.1418583449394257 0.1187068877926445 0.2268207180789294 0.5920001643995032 0.1219030054189576 0.7339287938674415 0.1398386965471821
1 0.4799811103691691 0.3823804928093066 0.4948278163937672 0.7266823842187198 0.4157968803306913 0.6906024651775029 0.3864065756665651
0 0.2115381961270628 0.1666516707725304 0.3122276023641688 0.5745437919670783 0.1813964955291616 0.7781349693395562 0.2003924523699907
0 0.1987486149003147 0.1758228369608901 0.2712024676324761 0.6570120897357202 0.1686133276208158 0.8276093738189572 0.1780341647267327
1 0.5119836754745778 0.4022049825514914 0.5199803868299843 0.7278955932929186 0.4509456342877997 0.6775403338075594 0.412098525602077
0 0.2246854278355432 0.1410506419423057 0.398712768905357 0.302574313358947 0.1936759518879077 0.7162096061384584 0.2084045929650514
0 0.1201894944195363 0.1111564815567048 0.1854146903501664 0.6430337990121004 0.1016514213854442 0.7484321476094639 0.1226066782317039
1 0.4207971086521034 0.4323751948579976 0.3452119716331036 0.8685617336865645 0.3648307904696165 0.5443447369061388 0.3728651057233945
0 0.2898159648955452 0.2442999613729268 0.3534694611418854 0.6779016861509152 0.2449910702242956 0.7437728879961241 0.2536189810451734
0 0.1449865944863111 0.0881404934975142 0.2862732487027339 0.3423922516251923 0.1250125318353842 0.7907907275707687 0.1352718052667103
0 0.1908898416483831 0.1373202687006236 0.3142749010402329 0.4836619542629378 0.1613035608026087 0.8449154798948715 0.1714971853277971
1 0.4596570256605933 0.3381226228852009 0.5153704259987196 0.6495545290486797 0.3924714659748173 0.8341250353768777 0.3554536824108003
0 0.1607518277210722 0.1618711099229773 0.2093980723426801 0.7128309814808701 0.1409171248581788 0.5830453990273847 0.1776767976681344
0 0.2258060660116378 0.2233050562635707 0.2635539007149865 0.7453205126698842 0.1931127468481977 0.8054976563044786 0.2188692431587561
0 0.2339509596489554 0.2411770123574387 0.2526246903090636 0.7788656192881506 0.1996411658296241 0.6575598412944487 0.2177610685921203
0 0.2166025269483926 0.1776307765742535 0.3032626652010077 0.6149844573748733 0.181812949959933 0.8039406204406806 0.1851300411944316
1 0.4921650701135171 0.4874834200762319 0.3802615242296624 0.8797617320292307 0.4357351319829576 0.6455965522839927 0.4281035676504164
1 0.2999064771534865 0.2945935410970878 0.3178294193183609 0.7800284027429917 0.2648341322923857 0.781843355747736 0.2841409175250243
1 0.5170098569111896 0.4609054965526145 0.4502131676711729 0.8267122543527016 0.4509297693571037 0.6578579609126397 0.4250863892404743
1 0.3784512916149957 0.3499785650456098 0.370046170489128 0.7928166997040625 0.3293687041312609 0.7689629423845906 0.3354978825975535
0 0.0781536411332633 0.0922965400541203 0.1162117099766113 0.7097547986574221 0.0684104253445362 0.6836239292971226 0.0893143053352634
0 0.0438382695793189 0.0504819408524411 0.072589129060176 0.6856703267982392 0.0412575964582391 0.6240583436194017 0.0632481540920941
0 0.3169497147763045 0.3081113599639486 0.327779492378933 0.7857080076303484 0.275439838462698 0.7254057569724286 0.3048903319367733
0 0.1254970275684441 0.1291595534864259 0.1871268755397279 0.6809111064127414 0.1126259871944398 0.7650647359627644 0.1487911501968317
1 0.272272016598302 0.2708140989017809 0.2890750939785212 0.7792956999286453 0.2359797895889367 0.5927289408740939 0.2671051384557211
1 0.0731322283697415 0.0629898140464222 0.1368264722986416 0.5988409439856385 0.0627069827593046 0.7500828766429243 0.0735564862588211
0 0.2086483802346656 0.1638459408325433 0.3073102568287273 0.575345296404682 0.1751496790675901 0.7101968746806261 0.1729444497683384
0 0.1341474005532767 0.1644825550181699 0.1471603703698241 0.7895850315036419 0.1140736621204547 0.6832835045629985 0.1456864336917821
0 0.0854973976915005 0.1020088072136513 0.1122524292658077 0.7346793981392716 0.0737727719198026 0.7330157775745626 0.0941822891846215
1 0.4899380997805971 0.5071696544641386 0.3565477773387066 0.89986726768198 0.4239395560104412 0.5303454302526897 0.4302848053499362
0 0.3090575608127444 0.2133342907018583 0.4333661440002962 0.4997360287202827 0.2604990399796888 0.8399106034162583 0.2490520897647015
0 0.060976880663932 0.051162230171361 0.1179639104677695 0.6000625863970891 0.0533466736486325 0.6642403475301702 0.0650070926295017
0 0.1597074883144138 0.1234224926806191 0.2630552435747881 0.5391596717962386 0.1367684454811605 0.6815026672185854 0.1482288862782565
0 0.2526727701993704 0.2374363159401243 0.2918956887093142 0.7351823112578793 0.2156052523425289 0.6681357516056408 0.231180369984976
0 0.1591209415243727 0.1838928534453371 0.1759583070446934 0.7843893965100109 0.1337858385103023 0.8287798614437719 0.1569552800119691
0 0.3045702394352761 0.2824032677684714 0.3306352414415065 0.7549798067984267 0.2581510302366728 0.6043151222830156 0.2697461916438276
1 0.1321445578555757 0.1318129716269772 0.1966390368030368 0.6724919333861062 0.1166794769872817 0.5850535555980736 0.151913181929485
1 0.2214284241152341 0.2661981772594846 0.2152393059000479 0.8361819548678338 0.2038929672561667 0.5888752077108783 0.2736084493565384
1 0.304107678145569 0.3648418256673601 0.2367542328067256 0.8904954470151865 0.2674637445552567 0.7868861352226345 0.3096116173300447
1 0.4287321806734713 0.3704502030799481 0.4242709654303609 0.7708100756599505 0.3714742301985893 0.5375361676114642 0.3721749015119698
0 0.2175038061623581 0.1768699799341888 0.32328164506795 0.5825877646132239 0.1876155483620149 0.593412897720916 0.1996079763638348
1 0.4562092750166937 0.379841560521151 0.4648420379094605 0.74842244699995 0.3948432731138774 0.7172737691874838 0.3845124821581399
1 0.3443791223886291 0.3851097961894786 0.2818564080898453 0.8765834233498015 0.2979323439570291 0.7596671974339331 0.3270004346510452
0 0.1514576838691214 0.1115448929185586 0.2723941894406569 0.4799695738590205 0.1341745293123556 0.6886596096408849 0.1602413254283129
0 0.1483198969760564 0.1292911354951031 0.2335944980186927 0.6084452209387664 0.1292326034005347 0.6713465031852722 0.151522627351313
1 0.6814575484117142 0.5037828815596472 0.6017491439841554 0.7648665923997615 0.5846751013575163 0.8260685726915258 0.4918438063308475
1 0.6363411323094533 0.5615377401474209 0.4728522676358223 0.8719396503636473 0.5404476408095906 0.7610444047351083 0.4836128204980182
1 0.4687031985118763 0.4105474217275572 0.4296688499718523 0.80246391104771 0.3974609866787264 0.6138381996268073 0.3759606836360977
1 0.2675891796241533 0.2702039000532896 0.2840391499008725 0.7830871826399154 0.2318945699347027 0.6456188240249203 0.2614137193380988
0 0.2953523943527616 0.2168361267978516 0.4030100492228199 0.5572780139345102 0.2518209228889471 0.7865777915389217 0.242073572061872
1 0.4454940665839931 0.4362804926497548 0.371891011937938 0.8560959067438978 0.3925349256976015 0.5791284824998187 0.4043672764770318
1 0.2384430496995134 0.2102830155637144 0.306649588013342 0.6757744461018399 0.2046267203008592 0.7796671966477143 0.2210302797594049
1 0.3346653353047791 0.3389741388557608 0.3105956193043218 0.8267191278322513 0.289742073485191 0.7526427904134787 0.3164554610404012
1 0.8848605303825241 0.9827373131605414 0.6413701419635224 0.9438505410751789 0.9999 0.2798868746123642 0.9999
0 0.1582196623104073 0.1290931751665201 0.2532161427234159 0.5740577471529192 0.1373276842881965 0.7037457526734674 0.16732854428221
1 0.2481425307640942 0.3160167021291781 0.2048105324371032 0.880512341423215 0.2164222962733757 0.5300054861088964 0.2612376811907947
0 0.1591543222360011 0.1553906248647546 0.2257548230208612 0.6790792695095534 0.137180933679258 0.7351690482857897 0.1584184167444805
1 0.4240445750262329 0.4600165321857676 0.3387152273898252 0.8865787861308208 0.3749803798824174 0.5917995055088313 0.4025919846691096
0 0.5291985853286273 0.6443259355677435 0.4809206287900938 0.902698733770155 0.5977279730876951 0.3290913650786726 0.7115581723296381
1 0.3655043441762854 0.2958488461727299 0.4258165174810144 0.6791748869937435 0.3169900919556645 0.566214109614469 0.3113801754383433
0 0.2004653372126299 0.159958825206131 0.2983478980132196 0.5800070118292722 0.1725042018740231 0.8014568791402551 0.1820070475046892
0 0.2189677888009157 0.1693496348489181 0.3235837242101574 0.5629164822610706 0.184446528455478 0.7969559729435415 0.1886339698914551
1 0.8428723638271488 0.5947662977935254 0.6770515294230987 0.7879340451869956 0.726329101309912 0.7404344837246257 0.5815193700903314
1 0.4061048268625393 0.3744884837310142 0.3783546532836796 0.808193776929944 0.3507110021501281 0.6800425745439903 0.356864392481956
0 0.1537704903176571 0.1644030183937447 0.1904236993141904 0.7404790550215915 0.1296807876926982 0.5879184291697405 0.1519016384444159
1 0.3282991567299437 0.2908102911857622 0.360293351493453 0.7375875922749512 0.2785334999484286 0.739620210091593 0.2769305681637232
1 0.2369647610416865 0.2581070529152682 0.2442956937457435 0.8048520336300604 0.2095686462126802 0.6707431165392733 0.2460344303762149
0 0.1672992158733187 0.2050329794223655 0.1849869780705581 0.8010522985054724 0.1516378517760375 0.6507375960228836 0.2093853082173823
1 0.338938066393208 0.2913331078948167 0.3821961018717806 0.717167032194166 0.2958738691992161 0.7093592079292282 0.2984221324697079
0 0.1766076657445387 0.2187632470307809 0.1705589691171126 0.8288033552534301 0.1531291552614666 0.7906136069920169 0.1854090087502688
0 0.1059359305542306 0.1052834290167998 0.1704408372532489 0.6533961472490348 0.0915771903934496 0.6319320568940503 0.1167401829238665
1 0.6872991729466755 0.5045775158944261 0.5983487029888701 0.7677251449197976 0.5789914899356549 0.7906963321686598 0.4755246852929192
0 0.2911511933606792 0.183486526820867 0.450667225047594 0.3664253231576966 0.2451735169273002 0.8093494802732308 0.2217988834735907
0 0.1519345511780978 0.1669809815781518 0.1833411352088864 0.7527903305459724 0.131652005331683 0.5928844985277933 0.1609498068244303
1 0.3161581150434036 0.3367376771943211 0.2851241759026969 0.842577009597985 0.2761577265766945 0.7027185863019764 0.3009467888500342
1 0.1333271887818372 0.1627994534552672 0.1535639461683739 0.7803914143921383 0.1186546608589405 0.7161261128950773 0.1518083286067738
1 0.4464525698750357 0.3340010969574265 0.492127533749389 0.6672238734007001 0.3817943676163727 0.8880096944276124 0.3547370243794255
0 0.372008814270724 0.3046293929621966 0.4139501856960256 0.7038553157720129 0.3151378612969002 0.761828366065704 0.2940543663066783
1 0.1724970695411619 0.1797105121760814 0.2199612830149877 0.7295373557488175 0.1560641674402367 0.753982487529643 0.2104881920200281
1 0.6737561413717448 0.4955115310183891 0.5908284947020955 0.7651201010602637 0.5669579400026976 0.8200915014751037 0.4594777981112042
1 0.3643550939616521 0.3269643737859533 0.37210457335617 0.7685621055586453 0.3111636961575385 0.6682781621512611 0.311573528813251
0 0.2464305771248688 0.2113718902038363 0.3266182822131218 0.6524811529764556 0.2140980839264037 0.7617465011238077 0.2372887975007204
0 0.0671952303729848 0.0544229968724784 0.1293308749124498 0.5868254725737012 0.0569480129166369 0.6973291256407532 0.0658728540096859
0 0.1068419784412859 0.1113899462968468 0.1532117353886723 0.6939615931232597 0.0917120423043661 0.6662405030399249 0.1149105405404105
0 0.1243763893923495 0.1331108802085009 0.1677528267864591 0.7159291131484294 0.1057326748070041 0.7131942880430908 0.1245411739378711
0 0.2212472145378231 0.2100521169766997 0.2673220661746069 0.7219890087356104 0.1883136053126413 0.7063302643299275 0.2019508228543224
0 0.1187779671849661 0.1034505860832149 0.1967605355202493 0.6035209816259316 0.1027342029054499 0.6752341234529714 0.120285475775721
0 0.1500747686730897 0.185044396587002 0.1580414595552851 0.8039737261674659 0.1305930212077214 0.5599307421608104 0.1706189185054547
0 0.2062974244014118 0.241425391647967 0.2100138353427868 0.8173437131359566 0.1777594601670911 0.7865699243410473 0.2301125976160821
1 0.3404211237241247 0.3264341697017163 0.3392306967105772 0.7944914962624121 0.2929071271590539 0.6897167328096365 0.3077382058990349
1 0.5509294285986835 0.4696951097427294 0.4714104641758019 0.8201542865846084 0.4764128142876411 0.7772584296333066 0.4413492357886908
0 0.2680708156062196 0.2574781539028353 0.2920869060732758 0.7610372134590551 0.2261911273494712 0.8395445779205164 0.2385027873471566
0 0.2593298378326815 0.2803540212686294 0.2525327107898019 0.8196171641729508 0.2205392457890018 0.7870223749006333 0.2414978407440494
1 0.9420464580749786 0.6556051528870165 0.7063872057567431 0.8107755011613256 0.7974357206896278 0.8574530875170047 0.6048020984962085
0 0.1128886559191071 0.0775439594591593 0.2212746415073653 0.464315065264704 0.0982245963550964 0.7350625284016014 0.1071619761877616
1 0.2836834513021081 0.2523892639116739 0.3792084337124317 0.661467054742124 0.2564336514888248 0.6451646069118366 0.2663543309476836
0 0.2280711857292759 0.2274114156381399 0.2643257677644858 0.7500933414691268 0.1961270836804481 0.7906811090859113 0.2078033697843679
1 0.1503895010970142 0.1752526495522667 0.1731376586760084 0.7759947411213617 0.1335954593419497 0.7430855231274611 0.173885243801472
1 0.7506939130020033 0.5126273781133186 0.6762058428661987 0.7222733885610815 0.6454417521560787 0.7751995433518065 0.5099377381981538
0 0.2234074234474864 0.2006466098039488 0.2878435103247448 0.682087020707339 0.1906219527289172 0.7485663617857505 0.206637958770931
0 0.1360214890775541 0.1367344756449372 0.2091116170292266 0.6645259145063699 0.1229342259142011 0.7124014259162393 0.1626986448124024
1 0.3110079481064581 0.342173741816641 0.2744260421248283 0.8536278402318633 0.2762886122549369 0.6419592712999471 0.3133093803805206
1 0.8589857101974626 0.5275542938697567 0.7759203448523821 0.6638775841832295 0.7272968620823714 0.8547005053024437 0.537720982845355
1 0.3374931584470094 0.3534975066265234 0.3052943429166544 0.8415258122019483 0.2938590230008172 0.6485786635625588 0.3267152143741289
0 0.2557199523037298 0.1776179486590343 0.3884153004283497 0.4724395735106967 0.2151332706543212 0.7221729487105563 0.2176518864625081
1 0.3948221463321568 0.3362848527458562 0.4083282981310495 0.7481481940249517 0.3397126389450884 0.7199983367163929 0.3300849500572239
1 0.5223936888295335 0.5364605071446583 0.3712088294516905 0.9055918851401802 0.4497161021588556 0.783243152988916 0.440760037071621
1 0.2560346847276543 0.2731706505955302 0.2673845614896226 0.8005636604482583 0.2242040447797903 0.6030125886245922 0.2545722805204651
1 0.3114371286845369 0.2600151682487135 0.3775048153834061 0.6760875031858355 0.26143903712343 0.7906629739329873 0.2617268363705988
0 0.1195934102833158 0.1072878392269147 0.1869559820606605 0.6308335895939567 0.1009057696427296 0.7536166814815405 0.1119554083627149
1 0.637561912620433 0.4465626581596629 0.6440696837165905 0.6762251993392355 0.5531713152278264 0.8825163801710203 0.4545073658318576
1 0.5543437985309548 0.4700846454647186 0.4807910155490067 0.8148147176367152 0.4893466990375995 0.7504735483030528 0.4342971283685455
1 0.2444325031002575 0.3218557123921319 0.1837484464453495 0.8967353407274902 0.2151372368869953 0.6170802773569696 0.2823117561201128
1 0.2628252752074787 0.3310521439037341 0.2119274491741442 0.885423717207331 0.2341632550242385 0.7355073465722873 0.2887020370629616
0 0.2889242230277592 0.2336860457478483 0.3683153904478967 0.6412621054624595 0.244225587318211 0.7351658553226356 0.2336838633093421
1 0.1105615434513021 0.1001020957108197 0.1786611399270274 0.6265324963186272 0.0977050198748006 0.7966252390171757 0.1169426748911207
1 0.4860516312124392 0.5367832047225746 0.3290152204920756 0.9228292907140044 0.4084712485817882 0.3399331164547692 0.42191241182501
0 0.1548482104359439 0.1616097307852293 0.2040145679192492 0.7192019553983893 0.1322152103713929 0.6456789702339404 0.1540492076458173
1 0.389676748068301 0.4033330510799194 0.3299767307624814 0.8598765894372651 0.3414419163909583 0.767431180305428 0.3539275374889533
0 0.1019350138319183 0.1010639407181243 0.1599669078560854 0.6604426145289873 0.0871112124025103 0.7141973766195812 0.1101084507516553
1 0.5935804407135362 0.4170731465391461 0.6049568218689554 0.6735450834566744 0.5138976792897436 0.7286467221030589 0.4451340559557296
0 0.1169086473337785 0.0799567602551358 0.2251927070914265 0.4648336731271074 0.0982285625877704 0.8483127729404158 0.1081710691742207
1 0.1772037498807593 0.1705751075846769 0.2443447540595658 0.6831414225759379 0.1581742032228119 0.7186847560637993 0.1864907294969545
0 0.1646907516932176 0.1723719435262736 0.2272468794490082 0.708478024974382 0.1472908607653186 0.7994777664646473 0.1750386303512952
1 0.5437859563102165 0.3846970741351125 0.5868792913178131 0.6466625479794172 0.4676990011028332 0.688671336922737 0.4101024646422078
0 0.258914963273872 0.1742914826851957 0.3988795411585837 0.4409670304246694 0.2178184101746285 0.876356116259663 0.2052777514469525
0 0.2943366669846418 0.2214703100284893 0.3917271092530343 0.5846998966988305 0.2484456588833615 0.7953243994945284 0.2576582388622774
0 0.255677034245922 0.2534403223220882 0.2809948742607803 0.7666679216157943 0.219444565570974 0.8199134438549316 0.2325804985281517
1 0.3863911323094534 0.3197093640883419 0.4128049082788062 0.724626556965356 0.3307330881711216 0.6552219185614839 0.3186540139675245
0 0.2848756195745492 0.2030762219735865 0.4161451357207379 0.4998494272783187 0.2456772284769 0.8715021561171754 0.2503877671829079
1 0.2618381598778975 0.2315965970892953 0.3223622049753881 0.6930564567601697 0.2316645284396099 0.6226422677523274 0.2572041951162252
1 0.5963415024325098 0.495139950983119 0.4966057518865709 0.8226244068277866 0.5068496838280214 0.5762654764275638 0.4513502226654525
1 0.2500356939807307 0.2510780142102183 0.2715375019528923 0.7727547455301373 0.2164540261347678 0.5885376204347325 0.2383671513975943
0 0.1583388791376514 0.1682357580309139 0.2033405535947683 0.7310567207183913 0.1363599235157371 0.6095100799179664 0.1653805811767954
1 0.3439547104836402 0.2931141404740282 0.3860895608577638 0.715724196418764 0.3004984964971159 0.6800355807477211 0.3058489221760551
0 0.1889442230277592 0.1889065840168222 0.2387429046931715 0.7219607568928226 0.1655236323677592 0.6370718673372073 0.2064936652075669
0 0.1942183754650386 0.1265006950649665 0.3365588490329641 0.392880407096312 0.1622911527384381 0.7876179053211398 0.1567253722676757
0 0.1161122789277878 0.0994990455798282 0.1998900738960906 0.5865345436278055 0.103662301351169 0.5931596902566146 0.1243636928549333
1 0.1144718553849089 0.1232041700060047 0.1622605814327685 0.7047021294305141 0.1054153761930831 0.6480541134810318 0.1453483057749657
0 0.1002898216159496 0.1103526297491507 0.1412019753068206 0.7094907931488523 0.0875316330659557 0.6045081023426705 0.1115465765998502
0 0.1483580463607746 0.1412715866123173 0.2165869722781135 0.6631951749626673 0.1280863621577448 0.6711942504130228 0.155145838727384
0 0.2137794724792521 0.1912957775255841 0.2874219339905138 0.6654520087067971 0.1817455240044748 0.6824369106816279 0.194983848636562
1 0.5772668100734523 0.4826538369693035 0.4896670021562186 0.8182626437265613 0.4889937043296122 0.8052093043007194 0.4391761747244283
1 0.6957397243155585 0.497645045446996 0.6182658055678925 0.7486202555379349 0.5871698617094709 0.8600745870730939 0.468102224393473
0 0.2381855413526662 0.2165011268180495 0.2937166899795508 0.7018388223598858 0.2022945754885392 0.7129889640537173 0.2187980583341632
1 0.2708366459982829 0.280174262540056 0.2958231501031513 0.7835697198116767 0.2411279595998064 0.549568134955162 0.2901704645594629
0 0.2074275999236859 0.1530464946426035 0.3393598584755039 0.4866065418184391 0.1809086489102579 0.699020781658971 0.2001620636471528
1 0.1079673852904702 0.0998406510134694 0.1877041560772475 0.6098424720325065 0.0974313498202937 0.6522878333988114 0.1302859816739381
0 0.1894353963560049 0.216296042518773 0.2098232966272341 0.7903389170877841 0.1724645395472829 0.6240725089645281 0.2216762339447312
1 0.6051492416293046 0.4838133795485245 0.5380225020307273 0.7896936804009218 0.5205252540880204 0.4701443154332204 0.4577164546810738
0 0.2569645759801583 0.2245250602142466 0.3169423486897006 0.6877875818020877 0.2168942779615833 0.7136368810147129 0.2189615910393091
1 0.3183326299723362 0.2675629121947178 0.3786622987196414 0.6866971516214261 0.2740000960020311 0.7365470302371322 0.2765481902208085
0 0.2439890165029094 0.2359579229396471 0.2803039327354533 0.7451492347523951 0.2091918541086489 0.7711761815522498 0.2162041410434222
1 0.558187349041305 0.4598058171458689 0.5005377638962183 0.7949189168320923 0.4750960250398686 0.8230320998437153 0.4298947317503087
0 0.0773811160927215 0.1102885260624016 0.0993800537052081 0.7663942097826529 0.0739274549940891 0.4232248520408639 0.120820323917257
1 0.750860816560145 0.6147263520958783 0.5565452138910831 0.8594131193662324 0.6529815604693786 0.7002153909683138 0.5629314732577756
0 0.0395607698178002 0.002256276955729 0.1360538895991929 0.314049280222621 0.0343999801648696 0.9067315559770476 0.0387422972474345
1 0.3768156367452065 0.3412017000885889 0.3843792750806131 0.7732044637522342 0.3255611207642079 0.8610230836603191 0.3352309395053301
1 0.2753478107412 0.3651495453378832 0.2566525558132094 0.8793504805174431 0.2680864430850768 0.2440070407270718 0.3599955628069557
1 0.4564286339788228 0.4506914977404583 0.3641539548325029 0.8686684999969628 0.3899529082268187 0.7548556587146271 0.3845514414202481
0 0.2759295888581513 0.2569159212320393 0.3158986800841073 0.7370788830706714 0.2388910043716627 0.6005919516873663 0.2571156950640286
1 0.1818055194123819 0.1309644049315682 0.300161202963039 0.4905533094234034 0.1538034148160489 0.7780428715542324 0.1594111564604251
1 0.2741365677763999 0.2650404185233545 0.3083452868653727 0.7548350790607782 0.2347145613659264 0.8045528201038794 0.2505772727294594
1 0.2775414003624916 0.3103704376151387 0.2501998933121417 0.8465795360034991 0.2409296479661057 0.5034383121983104 0.2790401400601055
1 0.4823463722216922 0.4791165674630598 0.3850262255031618 0.8731480641386203 0.4301784400066646 0.7311269478523005 0.4051017307145548
1 0.7465833167986264 0.4591325410200536 0.7375228848429921 0.6096940410590178 0.6320596831139568 0.739534079087586 0.4854472726669196
0 0.1631981570161213 0.2047362556260023 0.165519784966587 0.8189216208527416 0.1461961805472909 0.6677161479687276 0.2040892534633774
0 0.2582998044452924 0.1839473477269061 0.3830610392689014 0.5018011890407326 0.2200831290314902 0.7797053739535492 0.219520969086617
0 0.102426187160164 0.0510676846736436 0.2356811416661206 0.2841286178859966 0.0857706257586937 0.8323211560303225 0.0871171953437736
1 0.3389428350662978 0.4089671668554887 0.2549148877487782 0.903492355792036 0.2980909932639897 0.3809629168199723 0.3528535123989803
0 0.1465411819135743 0.1138015588574234 0.2541530590164242 0.5258434925837112 0.1292484683312308 0.7284767050443962 0.1492230689298347
0 0.1696978584374702 0.1385084095185192 0.2631808471683233 0.5825249106605564 0.1436379604725521 0.7983233972689502 0.1512677087227032
0 0.0695032681484308 0.0340694550034157 0.1858456564706668 0.3462360148336308 0.0613981259768801 0.7192638301058237 0.0763779064011326
0 0.2392632614709529 0.2546538760371136 0.2695165503814765 0.7787766096024179 0.2076370909004355 0.7138073852471352 0.2385720482575713
0 0.1878665029094724 0.1668032963987377 0.2641062525402425 0.6484011210395038 0.1610259245154277 0.691671460463549 0.1744234587928198
0 0.3166302136792903 0.2697736174837202 0.3631603280854722 0.7065233211606076 0.2671900745007497 0.6871213211889251 0.2627190951079989
1 0.8559671401316417 0.4807973346636027 0.8513828411199335 0.5310490995830063 0.727181841334825 0.8145863238791231 0.5326259771229709
0 0.1587203729848325 0.1564964699836594 0.2180175410378468 0.6917732659822786 0.1438402383389268 0.6154991351699786 0.1792827850283762
0 0.0867754020795573 0.0919516198440674 0.1276974941122409 0.691275247589563 0.0755972389498488 0.694493227935399 0.0954953606112343
0 0.1060360726891157 0.0919138844625649 0.1794121229055198 0.602771954908884 0.0911250398686121 0.7491443012834789 0.1066227992393245
1 0.1239090594295526 0.1517237635890636 0.1730613778490825 0.7412564378979296 0.1128877585509247 0.5911210787425233 0.1496732648475306
1 0.3704828388819994 0.4183024951948689 0.279511388135173 0.8956318970631375 0.324712346971969 0.7369999438312376 0.3714794065365552
0 0.2396447553181341 0.1848520684242498 0.3435786559441325 0.5704139814990736 0.2037819127412943 0.7603132710347574 0.2117844291975817
0 0.0989688991700849 0.0965835450257955 0.1650162725932451 0.641005077749942 0.0947224129039424 0.5467789027903365 0.1385982528807959
1 0.2560394534007441 0.2965533624855395 0.267582072844301 0.8224969662905424 0.2238589825371511 0.4354838028559492 0.2675048316262396
0 0.0918492702470666 0.092906719467947 0.1465268727321549 0.6630600329336344 0.0825262474313506 0.6481913450623612 0.1104427308401152
1 0.4050032633788037 0.33963864541304 0.4194908284909803 0.7423403336276744 0.3456857853521529 0.6743388999746991 0.3353603227338131
1 0.3250183096441858 0.3249368847819393 0.3169513096596674 0.810197294347123 0.2837411634494085 0.6122319372685282 0.3076732737955211
0 0.2742939339883621 0.2581834958002015 0.3140700496125269 0.740575373382283 0.2370427399455724 0.5891526356111455 0.261970692492684
0 0.0442149947534102 0.0339327780030401 0.0994311895473003 0.5820785224168138 0.0385129634478217 0.8110545072361203 0.0457285106069768
0 0.1138566965563293 0.1199417428071352 0.1619064405494561 0.6987298417760628 0.100164084132689 0.6114816479837298 0.1264828843222065
1 0.2751475264714299 0.2843256313024326 0.2801078495255035 0.8011266810616153 0.2446023794222423 0.7477446115716422 0.2711251571310433
1 0.1454062377182104 0.094979149579313 0.2760010611697089 0.4037218875491669 0.1289668658113758 0.6619466829971297 0.1424965839843477
0 0.2560251473814748 0.2200215335135528 0.3287111977650758 0.665785412398623 0.2238867461658693 0.7454536111329443 0.2383835046681089
0 0.2562397376705141 0.243508582733179 0.2946604719227345 0.7406249481701669 0.2210191599425574 0.6042224714896405 0.2379597625703632
1 0.1760306563006772 0.2112284981381125 0.1773732898377142 0.8150159327604863 0.1486631772705273 0.9033112187348844 0.1726904930968177
1 0.2998730964418583 0.3277066376593218 0.2714762233862072 0.8450666957051697 0.262894644514793 0.4976842875626239 0.287750661501848
1 0.7008422045216064 0.4797322440365799 0.6635739420380984 0.6982616399736732 0.588970531343473 0.5624459456693036 0.4680055477060191
1 0.5661271897357627 0.428040277736995 0.5405319290083728 0.7387772681981565 0.4876967462452098 0.7672120113644815 0.4268150261295756
0 0.1876519126204331 0.1516219351450955 0.2927310286028983 0.5673690985162219 0.1607720856242909 0.6204451974867429 0.1823499852069511
1 0.3186521310693503 0.1932684176301805 0.5180977300936505 0.2482772298714538 0.2768676822253429 0.8071043641414655 0.2750941920806435
1 0.1683721673185156 0.155170103093047 0.2338921711092482 0.6672477700295072 0.144768336784646 0.7807192527704715 0.1773612757429117
0 0.2751761385099685 0.2266254599176663 0.350662132180434 0.6503821989990205 0.231696258301002 0.7431540763755485 0.2375639172282012
1 0.2375131584470094 0.1817152579580735 0.355406316243161 0.5430649735914456 0.2072166702369901 0.6586578343915714 0.2251787197061211
0 0.2087962091004483 0.1504161400073483 0.3290465490366718 0.4980078530815973 0.176851192884742 0.8164221657743641 0.1784675263953694
1 0.3022431269674712 0.2584226344259213 0.3585204180926199 0.6946460854139817 0.2625773459008719 0.8371977960863473 0.2718923179095954
1 0.4403772803586759 0.3304894722686447 0.4886226253583511 0.6656287518310515 0.3760314315410309 0.7559745103098797 0.3573756726748093
0 0.333716369359916 0.2927816623363179 0.3916717609720017 0.7097486293142643 0.2900990344258523 0.6476899752349891 0.306084601662883
0 0.1547051502432509 0.1093773831153247 0.2802092300175466 0.4543666172007543 0.1302519251977562 0.7253533967656561 0.140922341208046
0 0.1638657712486883 0.1444528304228392 0.2527957484306443 0.6149099281236488 0.1443598148192226 0.6669025502344246 0.167174631147955
1 0.2206606677477821 0.226558437792101 0.2522533660824583 0.7612632624302106 0.1988598179928434 0.5763822137938447 0.2323188461999182
0 0.2387434761041686 0.2696480219995936 0.2275262250168528 0.8296326910079208 0.2062885717912709 0.7535252771507575 0.2329715340848683
0 0.2372318067347133 0.1855074501473222 0.3407539663761944 0.5764789168772834 0.2036272296670078 0.7924360077193418 0.2079750791247711
1 0.5076251082705332 0.3979948099354302 0.5134522902349167 0.7286083602456636 0.4477012559604567 0.7513488810472855 0.418438784776293
1 0.3471592587999618 0.2528447497431232 0.4471954574161344 0.5760323493395522 0.2956636588674934 0.7189448717397906 0.3011733297445157
1 0.4797379080415911 0.3847952399221708 0.4714730205863844 0.7482897482589997 0.4098316663889748 0.7895026884289307 0.3824798668288851
1 0.5270956004960412 0.5179932418763145 0.4108142850630594 0.879973967213527 0.4693251564991788 0.5547153802843438 0.4691190130366449
0 0.1054447572259849 0.0962226101337697 0.1767471403044148 0.6195820311899678 0.0903754218932235 0.7485450029470032 0.1165473105275032
0 0.1318059820662024 0.1397080442562489 0.1812923452846913 0.7098354255342089 0.1163780433040566 0.6844238949440629 0.1527130492490663
0 0.2592678450825145 0.2402714852510742 0.3056062753683048 0.7247480971004258 0.2268376232753354 0.8102744125729318 0.2576476573342974
0 0.1405612658590098 0.1071239809044856 0.2397405046598809 0.5328363721503225 0.1180557597251644 0.7864667290885966 0.1290190841876018
1 0.3000638433654488 0.3742906457112544 0.2230671693751282 0.9028931683212612 0.2625773459008719 0.3847943628809255 0.3167349095747828
0 0.1130031040732614 0.0896533099534995 0.2129369831415721 0.5292215412863676 0.0976415601520164 0.6122607112430128 0.1206914216673185
0 0.212830506534389 0.1777481872141227 0.2966299173498198 0.6250023639300574 0.1819715992668935 0.752116565946463 0.1885161301480411
1 0.3136831737098158 0.3535028691687727 0.2817302184951691 0.8567792711124362 0.2817421821817056 0.6431617434182113 0.3245128136186491
1 0.369943978822856 0.3260037377443575 0.3830562362394816 0.7583369188530354 0.3249899832591499 0.7370665703290504 0.3464160955587659
1 0.6086065296193838 0.4497868573730619 0.5666963610670634 0.7406936226576867 0.512822830235086 0.872774544253368 0.4239272309481166
0 0.2425154965181722 0.2115204641989919 0.3069695563964477 0.6775651757832482 0.2056262109347106 0.7848136739101581 0.2149079038658687
1 0.3778504388056854 0.3273708275131305 0.3891902300006983 0.7546101400824075 0.3204407143820563 0.8780165097671648 0.309820362018378
1 0.8529247267003721 0.5476065686361065 0.7417726422749807 0.7097591033430968 0.7182221217242283 0.8650129379998083 0.5318641071084088
1 0.3412174921301154 0.287688419239392 0.3836684037798229 0.7107579909029486 0.2941802878474123 0.6746881684486927 0.2938990102367898
0 0.1521443727940475 0.1906498683876523 0.1528826973256474 0.8153919741927775 0.1295855981085219 0.854398922800502 0.1592375232058437
1 0.1718771420394925 0.2308176552097486 0.1884206788613853 0.8253050312532975 0.1632985758376375 0.4774792715861641 0.2234678790231681
0 0.1599554593150815 0.1577985703632306 0.2135384202351777 0.7001698088476452 0.1359038067582256 0.7119904707107968 0.1568052147060705
0 0.1540756853954021 0.1404707642802971 0.2254467955224815 0.6482017754630518 0.1303986758066947 0.6777818337402963 0.1478474702924309
1 0.8280751712296098 0.5051262103777903 0.7751721326869201 0.6378646767095668 0.6954797435714343 0.8531229971683615 0.5141660205832645
1 0.3589998740818468 0.2692536891545338 0.4497028736899141 0.6062919865212161 0.3084507930085132 0.7568938598616328 0.3069426673863545
0 0.115582956214824 0.1101987844251055 0.1749070818066691 0.6578003280481033 0.0987322741373702 0.836092585356363 0.113763887690211
1 0.2252719746255842 0.2577291323854209 0.2281951678356205 0.8180272665781558 0.2017274042161553 0.6672131476453945 0.239643187476277
1 0.3207074291710388 0.2242350487623785 0.4394490108112636 0.5193769875691056 0.2758602591261435 0.7970035009132932 0.2667141028990046
1 0.5076012649050844 0.4508705060318452 0.4352617042350755 0.8287790739575199 0.4350965685224415 0.727900740575423 0.4031321235746357
1 0.7147333492320901 0.6315809502653135 0.4954262156322169 0.892369509282666 0.6101938423821198 0.4660018023433486 0.5388936085369602
0 0.1112386950300486 0.1049751072603641 0.1738344212033684 0.6470640247089281 0.0959202151714945 0.7907074428026453 0.1104114672347197
1 0.5765419717638081 0.4696151629173147 0.5103687671469009 0.796230015534302 0.493011498028388 0.6926007466044164 0.4407787952348583
1 0.2680183602022322 0.2914273937454138 0.257955371161223 0.8253455891834937 0.2317319543950682 0.7755344028937939 0.2613588877840205
0 0.174538061623581 0.1803947065669623 0.2148101901434045 0.7366644727247915 0.1491708550528011 0.6747791273007678 0.1742070184477738
0 0.1071662482113898 0.1127845026885511 0.1579744643940146 0.689772019078975 0.0953966724585247 0.7087282059922815 0.1198569238925298
0 0.1721346503863397 0.1863750479142304 0.2006218134920371 0.7614518878560819 0.1467633518196748 0.8930777367147643 0.1672010849679051
1 0.4181171143756558 0.4189964400865956 0.348873147568713 0.8586299632234574 0.3597579788795531 0.6525739207029312 0.3688042038717859
0 0.1272518992654774 0.1142122134521584 0.2006565691250483 0.6252725730106372 0.1088184038273867 0.6917883426652721 0.1320694501171176
1 0.8648177973862443 0.6321710195950566 0.6596214007706657 0.8202489375112048 0.7297876562016519 0.8794708090240784 0.5998884216851181
0 0.1874277849852141 0.2300178285803832 0.180156299321568 0.831534351510102 0.1598598521092677 0.827234263190942 0.1969986677596685
1 0.3636207183058284 0.28237353869144 0.4294133767079494 0.6540154286861104 0.3109296884297717 0.8129026250323117 0.2980917002096042
0 0.0906094152437279 0.1256148660277939 0.0947496562634259 0.7951806159679888 0.0809794166884853 0.7750650482825412 0.127510735471903
1 0.2200073595344844 0.3431917163382028 0.131274958795298 0.9351236669649748 0.1945167932147986 0.2649511804924348 0.2712651218875065
0 0.1146769083277687 0.084094931325406 0.2172542153206889 0.4996947585039676 0.0988195312561984 0.7268614563052817 0.1203994676907786
0 0.3267159572641419 0.2383137507569184 0.4280707944562774 0.5706828801035904 0.277470549591793 0.8511460482464787 0.2670873422495729
1 0.2116335695888581 0.1878789478756145 0.2817809252341254 0.666375069578924 0.1848669491189235 0.7303047675208187 0.1965503957561508
1 0.4025950834684728 0.3258301119481422 0.4327110406181642 0.7138493974159853 0.343682837851776 0.8009168667780527 0.3229159648507538
1 0.2517619536392254 0.2949547702299372 0.2263949751991415 0.8514656590442752 0.2204242250414554 0.7761475066812675 0.2608947434885328
0 0.3598868472765429 0.2516154363289259 0.468338794201416 0.5434483791168375 0.3044766278691516 0.8180307564720974 0.2806523801414263
0 0.1485535619574549 0.1213235745464719 0.2496427619778252 0.5580856404468562 0.1299544577472052 0.743568786330102 0.1431055028217439
0 0.2382570714490126 0.1796779068982383 0.3504844860636484 0.545774501837885 0.203972291909647 0.7532961189532631 0.2197715589083259
1 0.3416895907660021 0.4328059062858348 0.2437103448645664 0.9193766345227468 0.2991539436206253 0.4249428549426739 0.3678432087397813
1 0.2695967909949441 0.2918764934756062 0.268284060620209 0.8177682568520903 0.2335564214251144 0.446131193846739 0.2756718473126441
0 0.2610131794333683 0.1970211324441472 0.3700020282250178 0.5592926475789903 0.2254216782107125 0.7585784277210964 0.2238666102365974
0 0.0792981226748068 0.0436068772949968 0.1912457298397185 0.3841278597168671 0.0687316901911313 0.7678254926018949 0.0878554974096529
1 0.5737999847371935 0.4737235605995179 0.5098616733686423 0.7996579927229837 0.4978820317520767 0.5896930122564294 0.4696745432555965
1 0.3476075140703997 0.381632963826141 0.2912329589941749 0.8691147985937109 0.3085896111521037 0.4315362843550623 0.3495852631887847
1 0.8082804092339979 0.5601270983315643 0.6722877356912585 0.765610258226546 0.6794799609644634 0.892309964036531 0.5204528911390358
0 0.1304945969665172 0.1093846766858588 0.2181351072657585 0.5813975948165769 0.1123404184419108 0.6936068723362369 0.1325643770394563
0 0.1351059038443194 0.1589378177107957 0.1551107126726889 0.7733037127546687 0.1188886685867073 0.7714258339647921 0.1538356531720386
1 0.3617370924353715 0.3510951229403921 0.3820342924143149 0.7847251962215043 0.3310979815771309 0.7325192904571686 0.3494597277886581
1 0.2867210960602881 0.2739790324938621 0.307533284904646 0.766257304152749 0.249492744309301 0.7538755485004633 0.2711318908306669
0 0.0676244109510636 0.0438838175096435 0.1571547864780594 0.4813699935665251 0.0581101190901229 0.7759086467036331 0.0697961959975542
0 0.1767078078794238 0.1282747495630342 0.2983983741379237 0.484863474999017 0.1503488261569831 0.7378961614073165 0.1580855795916541
0 0.0684684660879519 0.0597464775186903 0.131394545766253 0.5996965560891504 0.061370362348162 0.7559356527163625 0.0784494809924957
0 0.3332299647047601 0.2222570989778209 0.4692538632360307 0.4641334991321527 0.2850698513952031 0.8190519165616965 0.2801815021463151
0 0.1545954707621864 0.1151550757154969 0.2653412781977833 0.507678688853178 0.129906862955117 0.7747713483398085 0.1370321867397515
1 0.4836148392635696 0.5621674336489467 0.3036672179582872 0.9404240992950188 0.4231502757083125 0.7831020481567507 0.4490771180639242
1 0.3001830601926929 0.2995378765704473 0.2996664358607616 0.8000855306487291 0.2615024968462142 0.5801811311312025 0.2823329191760729
0 0.2039226252027091 0.2016322237948783 0.2477669390531318 0.731294084770181 0.1746221701219463 0.6142206090833103 0.2077831686854968
0 0.2851188219021272 0.2548879249832766 0.3342604842919837 0.7154112289817626 0.2417149620355604 0.70826800454207 0.2509832186210569
0 0.107223472288467 0.1264550917538059 0.1374935742190626 0.7441943964656837 0.0915137306706654 0.8633651188420469 0.1161735901983904
0 0.1003184336544882 0.1046255894564646 0.1518531297489761 0.6815103558214395 0.0893085053039138 0.5657821554644075 0.1082653409689519
0 0.0974429237813603 0.1353382420416691 0.1089676906533956 0.7924381872746173 0.0860204984171566 0.7743697679375233 0.1209761609656902
0 0.1143049518267671 0.1463159478997115 0.1414927253804712 0.7706892086923111 0.1051258412078801 0.6073042383302328 0.1398757318951122
1 0.6143527806925498 0.4626225245618666 0.5724746524225934 0.7486951287076289 0.5310556018375265 0.8391873698309275 0.4506528037758596
0 0.2353910989220642 0.1681204605869201 0.3644648549698576 0.4872358881680636 0.1989986361364339 0.8489691386355304 0.2067288637158502
1 0.4086274549270247 0.3746513436299352 0.3849395962919182 0.8036933445979436 0.3525235704821524 0.6385387519162435 0.3617189089320669
0 0.1543856491462367 0.1178151012533538 0.2598931429828345 0.5275178229776902 0.1303391823165845 0.7305423393408095 0.1385039810860647
0 0.2118004731469999 0.1803435299122225 0.3015200498298325 0.6235853187799614 0.1800281452566269 0.6893449029238312 0.1949602806878792
1 0.2392108060669655 0.2500154555313129 0.2590514706628248 0.783086967487129 0.2104253524702671 0.6119499097457382 0.2522385726223241
0 0.2331307478775159 0.2292955154268476 0.2799709535781181 0.7363514335701947 0.2006446226961496 0.7607370266210091 0.2218118698942935
0 0.1323543794715253 0.1624945248617243 0.149702600790679 0.7842004972533203 0.1190116217996017 0.7743264358066378 0.1499464606608331
1 0.4169821701802919 0.4106576011173837 0.3543137562687635 0.8502203938348365 0.360321183919263 0.7973514570904029 0.3710912568511059
1 0.671948814270724 0.48814101177981 0.6096943984317891 0.7459799201016374 0.5639118733090551 0.7449622700626952 0.4627470092784889
1 0.4965474806830106 0.3527207365059749 0.5617644701973811 0.623647641370444 0.4380355469338856 0.58750348001726 0.3986436317969248
1 0.3700202775922923 0.3845844030917067 0.3117578319537294 0.8588077266935022 0.3166727933417434 0.7940667999347583 0.332978997959762
1 0.3580175274253553 0.3006121713251091 0.4013814421949985 0.7107786944688109 0.3096525615087394 0.6451276914299287 0.3127322061270643
0 0.1763310827053324 0.1590227561354928 0.2556950781370471 0.6439462212309144 0.1498570133054054 0.7149826897476358 0.1734316810339643
0 0.2359681083659258 0.200012067483144 0.3124797572496089 0.6491297392107979 0.1984711271907901 0.7803165487962721 0.2029353859350097
0 0.2045139406658399 0.2110635210268187 0.2324949702813416 0.7611758044524533 0.1754392140527931 0.8038796842201584 0.2036419434169489
0 0.2348379328436516 0.2660124007813326 0.2455603212093255 0.811678825025184 0.2109369964852149 0.6266027621921347 0.250846139735861
0 0.136813088810455 0.1382650477401594 0.186278396657274 0.7003133092364439 0.1167072406159998 0.6468059260305176 0.1410647108572319
1 0.2547471429934179 0.2911354652582194 0.2444870006018029 0.8352644602590844 0.2159741119812121 0.653001169895603 0.2519201648258341
0 0.273850447391014 0.2624516023743552 0.3032258205585452 0.7565244897091548 0.2333581097914137 0.79582174026324 0.2461681424115989
0 0.1174618134121911 0.0987648253254867 0.1969139794743993 0.5899546921889612 0.0981373392362681 0.8766589101125742 0.1036325556278771
0 0.0684303167032338 0.0226555339500566 0.1905666775690611 0.2508676677906876 0.0574477582335626 0.8769616754372923 0.0570449738030739
1 0.1382484594104741 0.1775581528600632 0.1413325706663152 0.8116984153383707 0.1185594712747641 0.7024673560609066 0.1572616633448454
1 0.6448055270437851 0.5248562731737124 0.5236679497401191 0.8265853435476966 0.5523820349256976 0.8165386156642374 0.4942982398436699
0 0.1448721463321568 0.0709504737456175 0.3181682782786266 0.1136294915461607 0.1224582779933195 0.7699183230442651 0.1235118798525409
0 0.1374139416197653 0.1820565730378241 0.1386475418352862 0.819411236877167 0.1203204785820262 0.508256375095937 0.1682765529935117
0 0.1682577191643613 0.1280216653993102 0.282681711387286 0.515709626826343 0.1446334848737295 0.7499233228477105 0.1551732545044232
0 0.0514013850996852 0.0715264244392762 0.0657352215674463 0.743679752630377 0.0447677123747411 0.9490120652461422 0.0617070988353661
0 0.1452584088524277 0.1033230780985172 0.2609762136396871 0.4743593883442096 0.1253734590087195 0.709863597356119 0.1477705137253034
0 0.1121971983210912 0.1199074140632263 0.154372418641074 0.7094364002425075 0.0965944747260768 0.6232423319610649 0.1232786052584357
1 0.5669187894686636 0.4933806467477387 0.4636791348514644 0.8399042284695085 0.4855232507398503 0.9226558551292636 0.4464514561892432
1 0.6631982991510064 0.4602432926144092 0.6272178905758308 0.7054999224825509 0.5610204896896992 0.8571992151263558 0.4499549039077221
1 0.6980525307640942 0.5774715227371562 0.531313095879534 0.8525562831884336 0.5932104340719936 0.7863878749683136 0.5149928227013405
1 0.2108372011828675 0.2242038943470377 0.23205561226883 0.7782994431005918 0.1805992827616848 0.7451900018505332 0.2177764599055457
1 0.4806010378708385 0.328218761156728 0.5801037373119428 0.558830988377244 0.4309875514721634 0.5378613582904578 0.4474634350469697
1 0.293177879423829 0.302978233177684 0.2838045578396401 0.8157818017028571 0.2496077650568474 0.75955262821033 0.2666746626583517
0 0.2696683210912907 0.2238539015599329 0.3491973057309009 0.6470655666372312 0.2359956545196328 0.6216120861702706 0.237737069504238
0 0.1330649117619002 0.1432937633450813 0.173910300750022 0.72602894075701 0.1157117162148224 0.6888055532935001 0.1458061973493742
1 0.7475179767242202 0.5116951057987769 0.6677848630547796 0.7273054243097771 0.6403332444719492 0.7505532714359879 0.5177079465853072
1 0.2810129943718401 0.3022629972220821 0.2713819546476085 0.8246035679715694 0.2475215266703163 0.7211929394423066 0.2807553095499594
1 0.1705133015358199 0.1344591957024777 0.3258203198989163 0.4492623373842176 0.176268156681662 0.7536994417698057 0.2449195221099554
1 0.4386605580463608 0.3819225845116841 0.4187369028861029 0.7857155966559077 0.3765668729520227 0.7291244420583274 0.3632854560516559
0 0.2114523600114471 0.1942105013408508 0.2738021258783046 0.6882529719487449 0.1793023246772824 0.7622894431119966 0.1941719568533669
0 0.1529407412000381 0.1547359799746034 0.2058267111927983 0.7047397795382021 0.1301329382175358 0.6881518736374924 0.1524461061568429
0 0.1364840503672612 0.1370769648375646 0.1993248237353948 0.6795595117182589 0.1188371075619451 0.6438840004615467 0.1501859879760174
0 0.0458315749308404 0.0546572469026389 0.0779075689996146 0.6867031710096112 0.0461400288799498 0.635673509672542 0.0651725492488258
1 0.272858563388343 0.2729016541057341 0.3476369057365087 0.7266923301452581 0.2689669467387078 0.4578476832639655 0.3374516174455026
0 0.06486334923209 0.0568135644120348 0.1206180226473192 0.6123805169883426 0.0556589872975825 0.7851238258424199 0.072327586077504
1 0.9207972507869884 0.4479519756135854 0.9999 0.2587759067376375 0.8017549480716286 0.7728136208366652 0.639025164876347
1 0.7806459486788133 0.5881408252131713 0.6120205321118062 0.8184729278662713 0.6730546640325613 0.5098485445268105 0.5834476130754195
1 0.4339252656682247 0.4261863395113906 0.3826099207900276 0.8435660783670356 0.3927292710986282 0.8066950087093144 0.3922490220471751
0 0.0970757359534484 0.0850524764779274 0.1702191684819837 0.6001732955452941 0.0894155935861122 0.590355281093045 0.1235623825997184
0 0.2940839273108843 0.206548434069302 0.4181400448048386 0.5062994991838845 0.2467877736256238 0.7638656696718643 0.2288129935887166
1 0.3691094610321473 0.3758090322717079 0.3369166473321097 0.837128733074779 0.329384569061957 0.5934311711258531 0.365275264290446
1 0.4764665983020128 0.4028762011941367 0.4467744352445094 0.7841412862285148 0.4110770634486151 0.7815365262527352 0.3777783015559401
1 0.7427683783268149 0.938189408722099 0.4294206310177166 0.9819018239528664 0.7911770055300343 0.0753653460052529 0.8336141736651017
0 0.1746763531431842 0.1401825996398335 0.2864442319607327 0.546169364249157 0.1488416577408579 0.6436999409484356 0.1634177077364999
1 0.4009117418677859 0.3591227763905422 0.3920090406262068 0.7846756980410519 0.3464988630503257 0.5610454396122481 0.338941207997964
1 0.1389399170084899 0.1566506773107259 0.173262449382988 0.7488425393353272 0.1203760058394624 0.5624455396911704 0.148341916236225
1 0.176846099399027 0.1447722225529828 0.2697078928049081 0.5880625326382374 0.1522446853751616 0.6944739319044625 0.165525355718704
1 0.106069453400744 0.1377810857197298 0.1162740765033196 0.7875213919222054 0.0936277326859146 0.8084060134259022 0.1227577054946916
1 0.4149316407516932 0.3923832451082667 0.3703100170008551 0.8276515511104808 0.3549310737152786 0.5154714228642095 0.3597113044871286
0 0.1124404006486692 0.0567726097431066 0.2738864271476689 0.1816621668943465 0.1005131126080022 0.7273239400109434 0.1218909821574182
0 0.0759028274348946 0.0551594670131703 0.1605103675514497 0.5197689160787438 0.0650113639429065 0.773713292518589 0.0864072710120225
0 0.1892971048364017 0.1538673949267283 0.2839871810938692 0.5879165791816839 0.1575039099009036 0.8545455467407997 0.1587339386697032
1 0.5929223638271488 0.5342209320499333 0.4616487846019362 0.8637584786974342 0.5094039376700863 0.4696058567603053 0.4701516739717869
0 0.2404983478012019 0.1495566765545693 0.4172697037486415 0.295576556995842 0.2106712588960559 0.7928418892953604 0.2146727053575853
1 0.8102689459124296 0.4978867848195463 0.7597064800686375 0.6418190789785603 0.6794640960337673 0.8555069183210312 0.490712063815529
0 0.1523303510445483 0.1630492206399841 0.1898988465175093 0.7389623419731056 0.1313267742524139 0.7022810713487313 0.1546571645261245
0 0.1363743708861967 0.1846574323302819 0.1323389071134038 0.8281818913195284 0.1171950872349034 0.4912722404021454 0.1561895621690506
1 0.4799572670037203 0.3856278257519236 0.4745399423165773 0.746717276409964 0.4122708994834932 0.7821463953820035 0.3742205032619274
0 0.1294311828674997 0.0934736650449335 0.236855580599733 0.4910140819348781 0.1089691206689992 0.8258978797341333 0.1173163952202336
0 0.0569187398645426 0.0761550611461722 0.0770348954121998 0.7359256820645551 0.0522202635692127 0.749113872673793 0.0684263691026849
1 0.5137528531908805 0.5389328135152797 0.3488986026207191 0.9157043497150756 0.4389795103103007 0.4447892276419828 0.4453120180172119
1 0.6767365620528474 0.6018522233169336 0.4827974877579203 0.8855306954106253 0.5778016201334507 0.4364009337920676 0.5104408417557498
1 0.1335560850901459 0.1362044554126283 0.2065937677552032 0.6671208233657046 0.1210700965574147 0.6023196695361747 0.1529304515512015
1 0.4733574234474864 0.465837826326636 0.3780972424584911 0.8696459162866915 0.4053260260712953 0.6627786419154252 0.4170679959243346
0 0.1816195411618811 0.1416056688872521 0.2855729334538218 0.5518834196614755 0.1539343004942914 0.7801511686662308 0.1571149648887587
1 0.3529388905847563 0.3120496006784571 0.3783323967136717 0.7466874842688184 0.3035723268194765 0.6742036148939319 0.3085366302829826
0 0.1494643785175999 0.0879174202134599 0.2984234112733059 0.3052016124923185 0.1270353104991312 0.8744440404489541 0.1373876298841716
1 0.3842833788037775 0.3829411497174885 0.3558201472084212 0.8300748821423818 0.338138044573505 0.7762947494639082 0.3647654270332264
1 0.6648291853477057 0.5633614565624613 0.5132742276356755 0.8538755674762015 0.5667199660422568 0.8293962152507857 0.4983514460385659
1 0.2556865715921015 0.261644896132814 0.2673477928580766 0.7885176389705868 0.2229586477201501 0.6991747592896665 0.2648315528756485
0 0.0512487875608127 0.0415765696167788 0.1075083212139972 0.5906723098590739 0.0449303279143757 0.6905363763264065 0.0571262591771023
